"!" 33
1 1 1 1 1 1 1 1 1 3 3 1 1 1 1 1 1 3 3 3 3 3 3 3 3 3 3 1 1 1 1 1 
1 1 1 1 1 1 1 1 3 5 5 4 1 1 3 4 4 4 4 4 5 5 5 5 5 5 5 4 1 1 1 1 
1 1 1 1 1 1 1 1 3 2 2 5 1 1 4 5 5 5 5 2 2 2 2 2 2 2 2 5 1 1 1 1 
1 1 1 1 1 1 1 1 3 5 5 4 1 1 3 4 4 4 4 4 5 5 5 5 5 5 5 4 1 1 1 1 
1 1 1 1 1 1 1 1 1 3 3 1 1 1 1 1 1 3 3 3 3 3 3 3 3 3 3 1 1 1 1 1 
""" 34
1 1 1 1 1 1 1 1 1 1 1 1 1 1 1 1 1 1 1 1 1 1 3 3 3 3 3 1 1 1 1 1 
1 1 1 1 1 1 1 1 1 1 1 1 1 1 1 1 1 1 1 1 1 3 5 5 5 5 5 4 1 1 1 1 
1 1 1 1 1 1 1 1 1 1 1 1 1 1 1 1 1 1 1 1 1 3 2 2 2 2 2 5 1 1 1 1 
1 1 1 1 1 1 1 1 1 1 1 1 1 1 1 1 1 1 1 1 1 3 5 5 5 2 2 5 1 1 1 1 
1 1 1 1 1 1 1 1 1 1 1 1 1 1 1 1 1 1 1 1 1 1 3 3 3 4 2 5 1 1 1 1 
1 1 1 1 1 1 1 1 1 1 1 1 1 1 1 1 1 1 1 1 1 1 3 3 3 4 2 5 1 1 1 1 
1 1 1 1 1 1 1 1 1 1 1 1 1 1 1 1 1 1 1 1 1 3 5 5 5 2 2 5 1 1 1 1 
1 1 1 1 1 1 1 1 1 1 1 1 1 1 1 1 1 1 1 1 1 3 2 2 2 2 2 5 1 1 1 1 
1 1 1 1 1 1 1 1 1 1 1 1 1 1 1 1 1 1 1 1 1 3 5 5 5 5 5 4 1 1 1 1 
1 1 1 1 1 1 1 1 1 1 1 1 1 1 1 1 1 1 1 1 1 1 3 3 3 3 3 1 1 1 1 1 
"#" 35
2 2 2 2 2 2 2 2 2 2 2 2 2 2 5 6 4 2 2 2 2 2 2 2 2 2 2 2 2 2 2 2 2 2 2 2 
2 2 2 2 2 2 2 2 2 2 2 2 2 3 6 8 5 2 2 2 2 2 2 2 2 2 2 2 2 2 2 2 2 2 2 2 
2 2 2 2 2 2 2 2 3 6 5 4 3 3 6 8 6 2 2 2 2 4 5 4 2 2 2 2 2 2 2 2 2 2 2 2 
2 2 2 2 2 2 2 2 4 7 8 7 6 6 7 8 6 2 2 2 2 6 8 6 3 2 2 2 2 2 2 2 2 2 2 2 
2 2 2 2 2 2 2 2 3 5 6 7 8 8 8 8 7 4 3 2 2 6 8 6 3 2 2 2 2 2 2 2 2 2 2 2 
2 2 2 2 2 2 2 2 2 2 3 4 5 6 8 8 8 8 7 6 5 6 8 6 3 2 2 2 2 2 2 2 2 2 2 2 
2 2 2 2 2 2 2 2 2 2 2 2 2 3 7 8 8 7 8 8 8 8 8 7 4 3 2 2 2 2 2 2 2 2 2 2 
2 2 2 2 2 2 2 2 2 2 2 2 2 3 6 8 6 4 4 6 7 8 8 8 7 6 5 4 3 2 2 2 2 2 2 2 
2 2 2 2 2 2 2 2 2 2 2 2 2 3 6 8 6 2 2 2 4 6 8 8 8 8 8 7 6 4 2 2 2 2 2 2 
2 2 2 2 2 2 2 2 2 3 3 2 2 3 6 8 6 2 2 2 2 6 8 7 5 5 6 7 7 4 2 2 2 2 2 2 
2 2 2 2 2 2 2 2 3 6 6 5 4 4 7 8 6 2 2 2 2 6 8 6 3 2 3 4 5 4 2 2 2 2 2 2 
2 2 2 2 2 2 2 2 3 7 8 8 7 7 8 8 6 3 2 2 2 6 8 6 3 2 2 2 2 2 2 2 2 2 2 2 
2 2 2 2 2 2 2 2 2 4 5 6 7 8 8 8 7 6 4 3 3 6 8 6 3 2 2 2 2 2 2 2 2 2 2 2 
2 2 2 2 2 2 2 2 2 2 2 3 4 5 7 8 8 8 8 7 6 7 8 6 3 2 2 2 2 2 2 2 2 2 2 2 
2 2 2 2 2 2 2 2 2 2 2 2 2 3 6 8 7 6 7 8 8 8 8 7 5 4 3 2 2 2 2 2 2 2 2 2 
2 2 2 2 2 2 2 2 2 2 2 2 2 3 6 8 6 3 3 4 6 7 8 8 8 7 6 5 4 2 2 2 2 2 2 2 
2 2 2 2 2 2 2 2 2 2 2 2 2 3 6 8 6 2 2 2 3 6 8 8 7 8 8 8 7 4 2 2 2 2 2 2 
2 2 2 2 2 2 2 2 2 2 2 2 2 2 5 6 5 2 2 2 2 6 8 7 4 4 5 6 7 4 2 2 2 2 2 2 
2 2 2 2 2 2 2 2 2 2 2 2 2 2 2 3 3 2 2 2 2 6 8 6 3 2 2 3 4 3 2 2 2 2 2 2 
2 2 2 2 2 2 2 2 2 2 2 2 2 2 2 2 2 2 2 2 2 5 7 6 3 2 2 2 2 2 2 2 2 2 2 2 
2 2 2 2 2 2 2 2 2 2 2 2 2 2 2 2 2 2 2 2 2 2 4 4 2 2 2 2 2 2 2 2 2 2 2 2 
"$" 36
2 2 2 2 2 2 2 2 2 2 3 2 2 2 2 2 2 2 2 2 2 2 2 3 3 2 2 2 2 2 2 2 2 2 2 2 
2 2 2 2 2 2 2 2 2 3 6 6 4 2 2 2 2 2 2 2 3 5 6 6 6 5 4 2 2 2 2 2 2 2 2 2 
2 2 2 2 2 2 2 2 2 4 8 8 5 2 2 2 2 2 2 3 6 8 8 8 8 8 7 4 2 2 2 2 2 2 2 2 
2 2 2 2 2 2 2 2 3 6 8 7 4 2 2 2 2 2 2 6 8 8 8 8 8 8 8 7 4 2 2 2 2 2 2 2 
2 2 2 2 2 2 2 2 4 7 8 5 2 2 2 2 2 2 4 7 8 8 7 6 5 5 7 8 6 3 2 2 2 2 2 2 
2 2 2 2 2 2 2 2 4 8 8 4 2 2 2 2 2 3 6 8 8 8 5 3 2 3 5 8 8 4 2 2 2 2 2 2 
2 2 2 2 2 2 4 6 7 8 8 6 6 6 6 6 6 6 7 8 8 8 6 6 6 6 6 8 8 7 6 4 2 2 2 2 
2 2 2 2 2 2 5 7 8 8 8 8 8 8 8 8 8 8 8 8 8 8 8 8 8 8 8 8 8 8 8 5 2 2 2 2 
2 2 2 2 2 2 3 4 6 8 8 7 5 4 4 4 5 7 8 8 7 5 4 4 4 4 5 7 8 7 5 3 2 2 2 2 
2 2 2 2 2 2 2 2 4 7 8 7 5 3 2 3 4 7 8 8 5 2 2 2 2 2 4 7 8 6 2 2 2 2 2 2 
2 2 2 2 2 2 2 2 2 5 8 8 7 6 6 6 7 8 8 7 4 2 2 2 2 2 5 8 8 4 2 2 2 2 2 2 
2 2 2 2 2 2 2 2 2 3 6 8 8 8 8 8 8 8 7 4 2 2 2 2 2 2 6 8 6 3 2 2 2 2 2 2 
2 2 2 2 2 2 2 2 2 2 3 6 8 8 8 8 8 6 4 2 2 2 2 2 2 2 3 5 4 2 2 2 2 2 2 2 
2 2 2 2 2 2 2 2 2 2 2 3 4 5 6 5 4 3 2 2 2 2 2 2 2 2 2 2 2 2 2 2 2 2 2 2 
"%" 37
2 2 2 2 2 2 2 2 2 2 2 2 2 2 2 2 2 2 2 2 2 2 2 3 3 2 2 2 2 2 2 2 2 2 2 2 
2 2 2 2 2 2 2 2 2 2 2 2 2 2 2 2 2 2 2 2 3 4 6 6 6 6 5 3 2 2 2 2 2 2 2 2 
2 2 2 2 2 2 2 2 2 2 2 2 2 2 2 2 2 2 2 3 6 7 8 8 8 8 8 6 4 2 2 2 2 2 2 2 
2 2 2 2 2 2 2 2 2 2 2 2 2 2 2 2 2 2 2 5 8 7 5 4 4 5 6 8 6 3 2 2 2 2 2 2 
2 2 2 2 2 2 2 2 3 5 4 2 2 2 2 2 2 2 3 7 6 4 2 2 2 2 3 6 7 4 2 2 2 2 2 2 
2 2 2 2 2 2 2 2 4 7 7 5 4 2 2 2 2 2 4 7 6 2 2 2 2 2 2 5 7 4 2 2 2 2 2 2 
2 2 2 2 2 2 2 2 3 5 7 8 7 5 3 2 2 2 3 6 7 4 3 2 2 2 4 6 7 4 2 2 2 2 2 2 
2 2 2 2 2 2 2 2 2 2 4 6 7 8 6 5 3 2 2 5 7 7 6 6 6 6 7 8 6 3 2 2 2 2 2 2 
2 2 2 2 2 2 2 2 2 2 2 2 4 6 7 8 6 4 3 3 5 7 8 8 8 8 7 5 3 2 2 2 2 2 2 2 
2 2 2 2 2 2 2 2 2 2 2 2 2 3 4 6 8 7 6 4 3 4 4 5 6 5 4 2 2 2 2 2 2 2 2 2 
2 2 2 2 2 2 2 2 2 2 2 2 2 2 2 3 5 6 8 7 6 4 3 2 2 2 2 2 2 2 2 2 2 2 2 2 
2 2 2 2 2 2 2 2 2 2 2 2 3 4 4 3 3 4 5 7 8 7 6 4 2 2 2 2 2 2 2 2 2 2 2 2 
2 2 2 2 2 2 2 2 2 2 4 6 7 7 7 7 6 4 3 4 6 7 8 7 5 4 2 2 2 2 2 2 2 2 2 2 
2 2 2 2 2 2 2 2 2 4 7 8 8 7 7 8 8 7 4 2 2 4 6 7 8 7 5 3 2 2 2 2 2 2 2 2 
2 2 2 2 2 2 2 2 3 6 7 6 4 4 4 4 6 7 6 3 2 2 2 4 6 7 8 6 4 2 2 2 2 2 2 2 
2 2 2 2 2 2 2 2 4 7 5 2 2 2 2 2 2 5 7 4 2 2 2 2 3 4 6 8 7 3 2 2 2 2 2 2 
2 2 2 2 2 2 2 2 4 7 5 2 2 2 2 2 2 5 7 4 2 2 2 2 2 2 3 5 6 4 2 2 2 2 2 2 
2 2 2 2 2 2 2 2 4 7 7 4 3 3 3 3 4 7 7 4 2 2 2 2 2 2 2 2 3 3 2 2 2 2 2 2 
2 2 2 2 2 2 2 2 2 5 7 8 7 6 6 7 8 7 5 2 2 2 2 2 2 2 2 2 2 2 2 2 2 2 2 2 
2 2 2 2 2 2 2 2 2 3 4 6 7 8 8 7 6 4 3 2 2 2 2 2 2 2 2 2 2 2 2 2 2 2 2 2 
2 2 2 2 2 2 2 2 2 2 2 3 4 4 4 4 3 2 2 2 2 2 2 2 2 2 2 2 2 2 2 2 2 2 2 2 
"&" 38
"'" 39
1 1 1 1 1 1 1 1 1 1 1 1 1 1 1 1 1 1 1 1 1 1 3 3 3 3 3 1 1 1 1 1 
1 1 1 1 1 1 1 1 1 1 1 1 1 1 1 1 1 1 1 1 1 3 5 5 5 5 5 4 1 1 1 1 
1 1 1 1 1 1 1 1 1 1 1 1 1 1 1 1 1 1 1 1 1 3 2 2 2 2 2 5 1 1 1 1 
1 1 1 1 1 1 1 1 1 1 1 1 1 1 1 1 1 1 1 1 1 3 5 5 5 5 2 5 1 1 1 1 
1 1 1 1 1 1 1 1 1 1 1 1 1 1 1 1 1 1 1 1 1 1 3 3 3 3 4 3 1 1 1 1 
"(" 40
1 1 1 1 1 1 1 1 1 1 1 3 3 3 3 3 3 1 1 1 1 1 1 1 1 1 1 1 1 1 1 1 
1 1 1 1 1 1 1 1 3 3 4 4 5 5 5 5 5 4 4 3 3 1 1 1 1 1 1 1 1 1 1 1 
1 1 1 1 1 1 3 4 5 5 2 2 2 2 2 2 2 2 5 5 5 4 3 1 1 1 1 1 1 1 1 1 
1 1 1 1 3 4 5 2 2 2 2 2 2 2 2 2 2 2 2 2 2 5 5 4 3 1 1 1 1 1 1 1 
1 1 1 3 5 2 2 2 2 2 5 5 5 5 5 5 5 5 5 2 2 2 2 5 5 4 1 1 1 1 1 1 
1 1 4 2 2 2 2 5 5 4 3 3 3 3 3 3 3 3 3 4 4 5 2 2 2 5 5 3 1 1 1 1 
1 3 2 2 5 5 4 3 3 1 1 1 1 1 1 1 1 1 1 1 3 3 4 4 5 2 2 4 1 1 1 1 
1 3 4 5 4 3 1 1 1 1 1 1 1 1 1 1 1 1 1 1 1 1 1 3 3 4 5 3 1 1 1 1 
1 1 3 3 1 1 1 1 1 1 1 1 1 1 1 1 1 1 1 1 1 1 1 1 1 3 3 1 1 1 1 1 
")" 41
1 1 3 4 3 1 1 1 1 1 1 1 1 1 1 1 1 1 1 1 1 1 1 1 3 3 4 3 1 1 1 1 
1 3 5 5 5 4 3 1 1 1 1 1 1 1 1 1 1 1 1 1 1 1 3 3 4 5 5 4 1 1 1 1 
1 3 5 2 2 5 5 4 3 1 1 1 1 1 1 1 1 1 1 1 3 3 4 5 2 2 5 4 1 1 1 1 
1 1 3 5 2 2 2 5 5 4 4 3 3 3 3 3 3 3 3 4 5 5 2 2 2 5 4 1 1 1 1 1 
1 1 1 3 4 5 2 2 2 2 5 5 5 5 5 5 5 5 5 2 2 2 2 2 5 3 1 1 1 1 1 1 
1 1 1 1 3 3 4 5 2 2 2 2 2 2 2 2 2 2 2 2 2 2 5 4 3 1 1 1 1 1 1 1 
1 1 1 1 1 1 3 3 4 5 5 2 2 2 2 2 2 2 2 5 5 4 3 1 1 1 1 1 1 1 1 1 
1 1 1 1 1 1 1 1 3 3 3 4 4 5 5 5 5 5 4 3 3 1 1 1 1 1 1 1 1 1 1 1 
1 1 1 1 1 1 1 1 1 1 1 1 3 3 3 3 3 3 1 1 1 1 1 1 1 1 1 1 1 1 1 1 
"," 44
1 1 1 1 1 3 1 1 1 1 1 1 1 1 1 1 1 1 1 1 1 1 1 1 1 1 1 1 1 1 1 1 
1 1 1 1 3 5 4 3 3 3 1 1 1 1 1 1 1 1 1 1 1 1 1 1 1 1 1 1 1 1 1 1 
1 1 1 1 3 2 2 5 5 5 4 3 1 1 1 1 1 1 1 1 1 1 1 1 1 1 1 1 1 1 1 1 
1 1 1 1 3 2 2 2 2 2 2 5 1 1 1 1 1 1 1 1 1 1 1 1 1 1 1 1 1 1 1 1 
1 1 1 1 1 4 4 5 2 2 2 5 1 1 1 1 1 1 1 1 1 1 1 1 1 1 1 1 1 1 1 1 
1 1 1 1 1 1 3 3 4 5 5 5 1 1 1 1 1 1 1 1 1 1 1 1 1 1 1 1 1 1 1 1 
1 1 1 1 1 1 1 1 1 3 3 3 1 1 1 1 1 1 1 1 1 1 1 1 1 1 1 1 1 1 1 1 
"-" 45
1 1 1 1 1 1 1 1 1 1 1 1 1 1 1 1 1 1 3 1 1 1 1 1 1 1 1 1 1 1 1 1 
1 1 1 1 1 1 1 1 1 1 1 1 1 1 1 1 1 3 5 4 1 1 1 1 1 1 1 1 1 1 1 1 
1 1 1 1 1 1 1 1 1 1 1 1 1 1 1 1 1 3 2 5 1 1 1 1 1 1 1 1 1 1 1 1 
1 1 1 1 1 1 1 1 1 1 1 1 1 1 1 1 1 3 2 5 1 1 1 1 1 1 1 1 1 1 1 1 
1 1 1 1 1 1 1 1 1 1 1 1 1 1 1 1 1 3 2 5 1 1 1 1 1 1 1 1 1 1 1 1 
1 1 1 1 1 1 1 1 1 1 1 1 1 1 1 1 1 3 2 5 1 1 1 1 1 1 1 1 1 1 1 1 
1 1 1 1 1 1 1 1 1 1 1 1 1 1 1 1 1 3 2 5 1 1 1 1 1 1 1 1 1 1 1 1 
1 1 1 1 1 1 1 1 1 1 1 1 1 1 1 1 1 3 2 5 1 1 1 1 1 1 1 1 1 1 1 1 
1 1 1 1 1 1 1 1 1 1 1 1 1 1 1 1 1 3 2 5 1 1 1 1 1 1 1 1 1 1 1 1 
1 1 1 1 1 1 1 1 1 1 1 1 1 1 1 1 1 3 2 5 1 1 1 1 1 1 1 1 1 1 1 1 
1 1 1 1 1 1 1 1 1 1 1 1 1 1 1 1 1 3 2 5 1 1 1 1 1 1 1 1 1 1 1 1 
1 1 1 1 1 1 1 1 1 1 1 1 1 1 1 1 1 3 2 5 1 1 1 1 1 1 1 1 1 1 1 1 
1 1 1 1 1 1 1 1 1 1 1 1 1 1 1 1 1 3 2 5 1 1 1 1 1 1 1 1 1 1 1 1 
1 1 1 1 1 1 1 1 1 1 1 1 1 1 1 1 1 3 2 5 1 1 1 1 1 1 1 1 1 1 1 1 
1 1 1 1 1 1 1 1 1 1 1 1 1 1 1 1 1 3 2 5 1 1 1 1 1 1 1 1 1 1 1 1 
1 1 1 1 1 1 1 1 1 1 1 1 1 1 1 1 1 3 5 4 1 1 1 1 1 1 1 1 1 1 1 1 
1 1 1 1 1 1 1 1 1 1 1 1 1 1 1 1 1 1 3 1 1 1 1 1 1 1 1 1 1 1 1 1 
"." 46
1 1 1 1 1 1 1 1 1 3 3 1 1 1 1 1 1 1 1 1 1 1 1 1 1 1 1 1 1 1 1 1 
1 1 1 1 1 1 1 1 3 5 5 4 1 1 1 1 1 1 1 1 1 1 1 1 1 1 1 1 1 1 1 1 
1 1 1 1 1 1 1 1 3 2 2 5 1 1 1 1 1 1 1 1 1 1 1 1 1 1 1 1 1 1 1 1 
1 1 1 1 1 1 1 1 3 5 5 4 1 1 1 1 1 1 1 1 1 1 1 1 1 1 1 1 1 1 1 1 
1 1 1 1 1 1 1 1 1 3 3 1 1 1 1 1 1 1 1 1 1 1 1 1 1 1 1 1 1 1 1 1 
"/" 47
2 2 2 2 2 2 2 2 3 4 3 2 2 2 2 2 2 2 2 2 2 2 2 2 2 2 2 2 2 2 2 2 2 2 2 2 
2 2 2 2 2 2 2 2 4 7 7 6 4 3 2 2 2 2 2 2 2 2 2 2 2 2 2 2 2 2 2 2 2 2 2 2 
2 2 2 2 2 2 2 2 3 7 8 8 7 6 5 4 2 2 2 2 2 2 2 2 2 2 2 2 2 2 2 2 2 2 2 2 
2 2 2 2 2 2 2 2 2 4 6 7 8 8 8 7 6 4 3 2 2 2 2 2 2 2 2 2 2 2 2 2 2 2 2 2 
2 2 2 2 2 2 2 2 2 2 2 3 5 6 7 8 8 8 7 5 4 3 2 2 2 2 2 2 2 2 2 2 2 2 2 2 
2 2 2 2 2 2 2 2 2 2 2 2 2 3 4 5 6 8 8 8 7 6 5 4 2 2 2 2 2 2 2 2 2 2 2 2 
2 2 2 2 2 2 2 2 2 2 2 2 2 2 2 2 3 4 6 7 8 8 8 7 6 4 3 2 2 2 2 2 2 2 2 2 
2 2 2 2 2 2 2 2 2 2 2 2 2 2 2 2 2 2 2 3 5 6 7 8 8 8 6 5 4 2 2 2 2 2 2 2 
2 2 2 2 2 2 2 2 2 2 2 2 2 2 2 2 2 2 2 2 2 3 4 5 7 8 8 8 7 4 2 2 2 2 2 2 
2 2 2 2 2 2 2 2 2 2 2 2 2 2 2 2 2 2 2 2 2 2 2 2 3 4 6 7 7 4 2 2 2 2 2 2 
2 2 2 2 2 2 2 2 2 2 2 2 2 2 2 2 2 2 2 2 2 2 2 2 2 2 2 4 4 3 2 2 2 2 2 2 
"0" 48
1 1 1 1 1 1 1 1 1 1 1 1 1 1 1 3 3 3 3 3 3 1 1 1 1 1 1 1 1 1 1 1 
1 1 1 1 1 1 1 1 1 1 1 1 3 3 4 4 5 5 5 5 5 4 3 3 1 1 1 1 1 1 1 1 
1 1 1 1 1 1 1 1 1 1 1 3 4 5 2 2 2 2 2 2 2 2 5 5 3 1 1 1 1 1 1 1 
1 1 1 1 1 1 1 1 1 1 3 5 2 2 2 5 5 5 5 5 5 2 2 2 5 4 1 1 1 1 1 1 
1 1 1 1 1 1 1 1 1 3 5 2 5 5 4 3 3 3 3 3 3 4 4 5 2 5 4 1 1 1 1 1 
1 1 1 1 1 1 1 1 1 4 2 5 4 3 1 1 1 1 1 1 1 1 3 3 5 2 5 3 1 1 1 1 
1 1 1 1 1 1 1 1 3 2 2 5 1 1 1 1 1 1 1 1 1 1 1 1 3 2 2 5 1 1 1 1 
1 1 1 1 1 1 1 1 3 2 5 3 1 1 1 1 1 1 1 1 1 1 1 1 1 4 2 5 1 1 1 1 
1 1 1 1 1 1 1 1 3 2 5 1 1 1 1 1 1 1 1 1 1 1 1 1 1 3 2 5 1 1 1 1 
1 1 1 1 1 1 1 1 3 2 5 3 1 1 1 1 1 1 1 1 1 1 1 1 1 4 2 5 1 1 1 1 
1 1 1 1 1 1 1 1 3 2 2 5 1 1 1 1 1 1 1 1 1 1 1 1 3 2 2 5 1 1 1 1 
1 1 1 1 1 1 1 1 1 4 2 5 4 3 1 1 1 1 1 1 1 1 3 3 5 2 5 3 1 1 1 1 
1 1 1 1 1 1 1 1 1 3 5 2 5 5 4 3 3 3 3 3 3 4 4 5 2 5 4 1 1 1 1 1 
1 1 1 1 1 1 1 1 1 1 3 5 2 2 2 5 5 5 5 5 5 2 2 2 5 4 1 1 1 1 1 1 
1 1 1 1 1 1 1 1 1 1 1 3 4 5 2 2 2 2 2 2 2 2 5 5 3 1 1 1 1 1 1 1 
1 1 1 1 1 1 1 1 1 1 1 1 3 3 4 4 5 5 5 5 5 4 3 3 1 1 1 1 1 1 1 1 
1 1 1 1 1 1 1 1 1 1 1 1 1 1 1 3 3 3 3 3 3 1 1 1 1 1 1 1 1 1 1 1 
"1"
1 1 1 1 1 1 1 1 1 1 1 1 1 1 1 1 1 1 1 1 1 1 1 3 3 1 1 1 1 1 1 1 
1 1 1 1 1 1 1 1 1 1 1 1 1 1 1 1 1 1 1 1 1 1 3 5 5 4 1 1 1 1 1 1 
1 1 1 1 1 1 1 1 1 1 1 1 1 1 1 1 1 1 1 1 1 1 3 2 2 5 3 1 1 1 1 1 
1 1 1 1 1 1 1 1 1 1 1 1 1 1 1 1 1 1 1 1 1 1 3 5 2 2 5 1 1 1 1 1 
1 1 1 1 1 1 1 1 1 3 3 3 3 3 3 3 3 3 3 3 3 3 3 4 2 2 2 4 1 1 1 1 
1 1 1 1 1 1 1 1 3 5 5 5 5 5 5 5 5 5 5 5 5 5 5 2 2 2 2 5 1 1 1 1 
1 1 1 1 1 1 1 1 3 2 2 2 2 2 2 2 2 2 2 2 2 2 2 2 2 2 2 5 1 1 1 1 
1 1 1 1 1 1 1 1 3 5 5 5 5 5 5 5 5 5 5 5 5 5 5 5 5 5 5 4 1 1 1 1 
1 1 1 1 1 1 1 1 1 3 3 3 3 3 3 3 3 3 3 3 3 3 3 3 3 3 3 1 1 1 1 1 
"2"
1 1 1 1 1 1 1 1 1 3 1 1 1 1 1 1 1 1 1 1 1 1 1 1 1 1 1 1 1 1 1 1 
1 1 1 1 1 1 1 1 3 5 5 1 1 1 1 1 1 1 1 1 1 1 1 1 3 5 1 1 1 1 1 1 
1 1 1 1 1 1 1 1 3 2 2 5 1 1 1 1 1 1 1 1 1 1 1 1 4 2 5 1 1 1 1 1 
1 1 1 1 1 1 1 1 3 2 2 2 5 1 1 1 1 1 1 1 1 1 1 1 5 2 2 5 1 1 1 1 
1 1 1 1 1 1 1 1 3 2 2 2 2 5 1 1 1 1 1 1 1 1 1 1 3 2 2 2 4 1 1 1 
1 1 1 1 1 1 1 1 3 2 2 2 2 2 5 3 1 1 1 1 1 1 1 1 1 3 2 2 5 1 1 1 
1 1 1 1 1 1 1 1 3 2 5 3 2 2 2 5 5 1 1 1 1 1 1 1 1 1 4 2 5 1 1 1 
1 1 1 1 1 1 1 1 3 2 5 1 3 2 2 2 2 5 1 1 1 1 1 1 1 1 4 2 5 1 1 1 
1 1 1 1 1 1 1 1 3 2 5 1 1 3 2 2 2 2 5 3 1 1 1 1 1 3 2 2 5 1 1 1 
1 1 1 1 1 1 1 1 3 2 5 1 1 1 3 2 2 2 2 5 5 3 3 3 3 2 2 2 4 1 1 1 
1 1 1 1 1 1 1 1 3 2 5 1 1 1 1 3 5 2 2 2 2 5 5 5 2 2 2 5 1 1 1 1 
1 1 1 1 1 1 1 1 3 2 5 1 1 1 1 1 3 3 5 2 2 2 2 2 2 2 5 1 1 1 1 1 
1 1 1 1 1 1 1 1 3 5 4 1 1 1 1 1 1 1 3 3 5 5 5 5 5 5 1 1 1 1 1 1 
1 1 1 1 1 1 1 1 1 3 1 1 1 1 1 1 1 1 1 1 3 3 3 3 3 1 1 1 1 1 1 1 
"3"
1 1 1 1 1 1 1 1 1 3 3 1 1 1 1 1 1 1 1 1 1 1 1 1 1 1 3 1 1 1 1 1 
1 1 1 1 1 1 1 1 3 4 5 3 1 1 1 1 1 1 1 1 1 1 1 1 1 3 5 4 1 1 1 1 
1 1 1 1 1 1 1 1 3 2 5 4 1 1 1 1 1 1 3 3 1 1 1 1 1 3 2 5 1 1 1 1 
1 1 1 1 1 1 1 1 3 2 5 3 1 1 1 1 1 3 5 5 4 1 1 1 1 3 2 5 1 1 1 1 
1 1 1 1 1 1 1 1 3 2 5 1 1 1 1 1 1 3 2 2 5 4 1 1 1 3 2 5 1 1 1 1 
1 1 1 1 1 1 1 1 3 2 5 1 1 1 1 1 1 3 2 2 2 2 5 3 1 3 2 5 1 1 1 1 
1 1 1 1 1 1 1 1 3 2 5 3 1 1 1 1 1 4 2 2 2 2 2 5 4 4 2 5 1 1 1 1 
1 1 1 1 1 1 1 1 3 2 2 5 1 1 1 1 3 5 2 2 2 5 2 2 5 5 2 5 1 1 1 1 
1 1 1 1 1 1 1 1 3 5 2 5 4 3 3 3 4 2 2 2 5 3 3 2 2 2 2 5 1 1 1 1 
1 1 1 1 1 1 1 1 1 3 2 2 5 5 5 5 2 2 2 2 5 1 1 3 5 2 2 5 1 1 1 1 
1 1 1 1 1 1 1 1 1 3 4 2 2 2 2 2 2 2 2 5 3 1 1 1 3 4 2 5 1 1 1 1 
1 1 1 1 1 1 1 1 1 1 3 4 5 2 2 2 2 2 5 4 1 1 1 1 1 3 4 4 1 1 1 1 
1 1 1 1 1 1 1 1 1 1 1 3 3 4 5 5 5 4 3 1 1 1 1 1 1 1 3 1 1 1 1 1 
1 1 1 1 1 1 1 1 1 1 1 1 1 3 3 3 3 1 1 1 1 1 1 1 1 1 1 1 1 1 1 1 
"4"
2 2 2 2 2 2 2 2 2 2 2 2 2 3 3 2 2 2 2 2 2 2 2 2 2 2 2 2 2 2 2 2 2 2 2 2 
2 2 2 2 2 2 2 2 2 2 2 2 3 6 6 5 4 2 2 2 2 2 2 2 2 2 2 2 2 2 2 2 2 2 2 2 
2 2 2 2 2 2 2 2 2 2 2 2 4 7 8 8 7 6 4 2 2 2 2 2 2 2 2 2 2 2 2 2 2 2 2 2 
2 2 2 2 2 2 2 2 2 2 2 2 4 7 8 8 8 8 7 6 4 3 2 2 2 2 2 2 2 2 2 2 2 2 2 2 
2 2 2 2 2 2 2 2 2 2 2 2 4 7 8 7 7 8 8 8 7 6 4 3 2 2 2 2 2 2 2 2 2 2 2 2 
2 2 2 2 2 2 2 2 2 2 2 2 4 7 8 5 4 5 7 8 8 8 8 6 4 3 2 2 2 2 2 2 2 2 2 2 
2 2 2 2 2 2 2 2 2 2 2 2 4 7 8 4 2 2 4 5 6 8 8 8 8 6 5 3 2 2 2 2 2 2 2 2 
2 2 2 2 2 2 2 2 2 2 2 2 4 7 8 4 2 2 2 2 3 4 6 8 8 8 8 6 5 3 2 2 2 2 2 2 
2 2 2 2 2 2 2 2 2 2 2 2 4 7 8 4 2 2 2 2 2 2 3 4 6 7 8 8 7 4 2 2 2 2 2 2 
2 2 2 2 2 2 2 2 2 3 3 3 4 7 8 5 3 3 3 3 3 3 2 2 2 4 5 7 7 4 2 2 2 2 2 2 
2 2 2 2 2 2 2 2 3 6 6 6 7 8 8 7 6 6 6 6 6 6 5 2 2 2 2 3 4 4 2 2 2 2 2 2 
2 2 2 2 2 2 2 2 4 7 8 8 8 8 8 8 8 8 8 8 8 8 6 3 2 2 2 2 2 2 2 2 2 2 2 2 
2 2 2 2 2 2 2 2 3 6 6 6 7 8 8 7 6 6 6 6 6 6 5 2 2 2 2 2 2 2 2 2 2 2 2 2 
2 2 2 2 2 2 2 2 2 3 3 3 4 7 8 5 3 3 3 3 3 3 2 2 2 2 2 2 2 2 2 2 2 2 2 2 
2 2 2 2 2 2 2 2 2 2 2 2 4 7 8 4 2 2 2 2 2 2 2 2 2 2 2 2 2 2 2 2 2 2 2 2 
2 2 2 2 2 2 2 2 2 2 2 2 3 5 5 3 2 2 2 2 2 2 2 2 2 2 2 2 2 2 2 2 2 2 2 2 
"5"
1 1 1 1 1 1 1 1 1 3 3 1 1 1 1 1 1 1 1 1 1 1 1 1 1 1 1 1 1 1 1 1 
1 1 1 1 1 1 1 1 3 4 5 3 1 1 1 1 1 1 1 3 3 3 1 1 1 1 1 1 1 1 1 1 
1 1 1 1 1 1 1 1 3 2 5 4 1 1 1 1 1 1 3 5 5 4 4 4 4 4 3 1 1 1 1 1 
1 1 1 1 1 1 1 1 3 2 5 3 1 1 1 1 1 1 3 2 2 2 2 2 2 5 5 4 1 1 1 1 
1 1 1 1 1 1 1 1 3 2 5 1 1 1 1 1 1 1 3 2 2 5 5 5 5 2 2 5 1 1 1 1 
1 1 1 1 1 1 1 1 3 2 5 1 1 1 1 1 1 1 3 2 5 3 3 3 3 4 2 5 1 1 1 1 
1 1 1 1 1 1 1 1 3 2 5 3 1 1 1 1 1 1 4 2 5 1 1 1 1 3 2 5 1 1 1 1 
1 1 1 1 1 1 1 1 3 2 2 5 1 1 1 1 1 3 5 2 5 1 1 1 1 3 2 5 1 1 1 1 
1 1 1 1 1 1 1 1 3 5 2 2 4 3 3 3 3 5 2 2 5 1 1 1 1 3 2 5 1 1 1 1 
1 1 1 1 1 1 1 1 1 3 2 2 2 5 5 5 5 2 2 5 3 1 1 1 1 3 2 5 1 1 1 1 
1 1 1 1 1 1 1 1 1 3 4 2 2 2 2 2 2 2 2 5 1 1 1 1 1 3 2 5 1 1 1 1 
1 1 1 1 1 1 1 1 1 1 3 4 2 2 2 2 2 5 5 1 1 1 1 1 1 3 5 4 1 1 1 1 
1 1 1 1 1 1 1 1 1 1 1 3 4 4 5 5 5 4 1 1 1 1 1 1 1 1 3 1 1 1 1 1 
1 1 1 1 1 1 1 1 1 1 1 1 1 3 3 3 3 1 1 1 1 1 1 1 1 1 1 1 1 1 1 1 
"6"
2 2 2 2 2 2 2 2 2 2 2 2 2 2 3 4 4 4 4 4 4 4 3 2 2 2 2 2 2 2 2 2 2 2 2 2 
2 2 2 2 2 2 2 2 2 2 2 3 4 6 7 7 8 8 8 8 8 7 7 6 4 3 2 2 2 2 2 2 2 2 2 2 
2 2 2 2 2 2 2 2 2 2 4 6 8 8 8 8 8 8 8 8 8 8 8 8 8 6 4 2 2 2 2 2 2 2 2 2 
2 2 2 2 2 2 2 2 2 4 6 8 8 8 7 7 6 7 8 8 8 7 7 8 8 8 7 4 2 2 2 2 2 2 2 2 
2 2 2 2 2 2 2 2 2 6 8 8 7 5 4 3 3 3 6 8 7 4 3 4 6 8 8 7 4 2 2 2 2 2 2 2 
2 2 2 2 2 2 2 2 4 7 8 6 4 2 2 2 2 2 4 7 8 4 2 2 3 5 7 8 6 2 2 2 2 2 2 2 
2 2 2 2 2 2 2 2 4 8 8 4 2 2 2 2 2 2 3 7 8 5 2 2 2 3 6 8 7 4 2 2 2 2 2 2 
2 2 2 2 2 2 2 2 4 8 7 4 2 2 2 2 2 2 3 6 8 6 2 2 2 2 4 8 8 4 2 2 2 2 2 2 
2 2 2 2 2 2 2 2 4 8 8 5 2 2 2 2 2 2 4 7 8 6 2 2 2 2 4 7 8 4 2 2 2 2 2 2 
2 2 2 2 2 2 2 2 3 7 8 7 4 3 2 2 2 3 6 8 8 5 2 2 2 2 4 7 8 4 2 2 2 2 2 2 
2 2 2 2 2 2 2 2 2 5 8 8 8 6 6 6 6 7 8 8 7 4 2 2 2 2 4 7 7 4 2 2 2 2 2 2 
2 2 2 2 2 2 2 2 2 3 6 8 8 8 8 8 8 8 8 8 5 2 2 2 2 2 3 5 5 3 2 2 2 2 2 2 
2 2 2 2 2 2 2 2 2 2 3 5 7 8 8 8 8 8 7 5 3 2 2 2 2 2 2 2 2 2 2 2 2 2 2 2 
2 2 2 2 2 2 2 2 2 2 2 2 3 4 5 6 5 4 3 2 2 2 2 2 2 2 2 2 2 2 2 2 2 2 2 2 
"7"
2 2 2 2 2 2 2 2 2 2 2 2 2 2 2 2 2 2 2 2 2 2 2 2 2 2 2 3 4 2 2 2 2 2 2 2 
2 2 2 2 2 2 2 2 2 2 2 2 2 2 2 2 2 2 2 2 2 2 2 2 2 2 3 6 7 4 2 2 2 2 2 2 
2 2 2 2 2 2 2 2 3 6 5 4 2 2 2 2 2 2 2 2 2 2 2 2 2 2 4 7 8 4 2 2 2 2 2 2 
2 2 2 2 2 2 2 2 4 7 8 7 6 4 3 2 2 2 2 2 2 2 2 2 2 2 4 7 8 4 2 2 2 2 2 2 
2 2 2 2 2 2 2 2 3 6 8 8 8 8 6 5 4 2 2 2 2 2 2 2 2 2 4 7 8 4 2 2 2 2 2 2 
2 2 2 2 2 2 2 2 2 3 5 6 8 8 8 8 7 6 4 3 2 2 2 2 2 2 4 7 8 4 2 2 2 2 2 2 
2 2 2 2 2 2 2 2 2 2 2 3 4 6 7 8 8 8 8 6 5 4 2 2 2 2 4 7 8 4 2 2 2 2 2 2 
2 2 2 2 2 2 2 2 2 2 2 2 2 2 4 5 6 8 8 8 8 7 6 4 3 2 4 7 8 4 2 2 2 2 2 2 
2 2 2 2 2 2 2 2 2 2 2 2 2 2 2 2 3 4 6 7 8 8 8 8 6 5 5 8 8 4 2 2 2 2 2 2 
2 2 2 2 2 2 2 2 2 2 2 2 2 2 2 2 2 2 2 4 5 6 8 8 8 8 8 8 8 4 2 2 2 2 2 2 
2 2 2 2 2 2 2 2 2 2 2 2 2 2 2 2 2 2 2 2 2 3 4 6 7 8 8 8 8 4 2 2 2 2 2 2 
2 2 2 2 2 2 2 2 2 2 2 2 2 2 2 2 2 2 2 2 2 2 2 2 4 5 6 7 7 4 2 2 2 2 2 2 
2 2 2 2 2 2 2 2 2 2 2 2 2 2 2 2 2 2 2 2 2 2 2 2 2 2 3 4 4 2 2 2 2 2 2 2 
"8"
2 2 2 2 2 2 2 2 2 2 2 2 2 2 3 3 3 2 2 2 2 2 2 2 2 2 2 2 2 2 2 2 2 2 2 2 
2 2 2 2 2 2 2 2 2 2 2 2 4 5 6 5 4 2 2 2 2 2 2 2 2 2 2 2 2 2 2 2 2 2 2 2 
2 2 2 2 2 2 2 2 2 2 3 5 7 8 8 8 7 5 3 2 2 2 4 5 6 5 4 3 2 2 2 2 2 2 2 2 
2 2 2 2 2 2 2 2 2 2 5 8 8 8 8 8 8 8 6 3 3 5 7 8 8 8 7 5 3 2 2 2 2 2 2 2 
2 2 2 2 2 2 2 2 2 4 7 8 7 6 5 5 7 8 8 6 6 8 8 8 7 8 8 8 5 2 2 2 2 2 2 2 
2 2 2 2 2 2 2 2 2 6 8 7 4 2 2 2 4 6 8 8 8 8 6 4 4 4 6 8 6 3 2 2 2 2 2 2 
2 2 2 2 2 2 2 2 3 6 8 6 2 2 2 2 2 4 7 8 8 7 4 2 2 2 4 7 7 4 2 2 2 2 2 2 
2 2 2 2 2 2 2 2 4 7 8 5 2 2 2 2 2 2 6 8 8 5 2 2 2 2 2 6 8 4 2 2 2 2 2 2 
2 2 2 2 2 2 2 2 4 7 8 4 2 2 2 2 2 3 7 8 7 3 2 2 2 2 2 6 8 4 2 2 2 2 2 2 
2 2 2 2 2 2 2 2 4 7 8 5 2 2 2 2 2 5 8 8 7 4 2 2 2 2 3 7 8 4 2 2 2 2 2 2 
2 2 2 2 2 2 2 2 3 6 8 6 3 2 2 2 4 7 8 8 8 6 4 2 2 3 6 8 7 4 2 2 2 2 2 2 
2 2 2 2 2 2 2 2 2 6 8 8 6 3 3 4 7 8 8 7 7 8 7 6 6 6 8 8 6 3 2 2 2 2 2 2 
2 2 2 2 2 2 2 2 2 4 7 8 8 7 7 7 8 8 8 5 5 7 8 8 8 8 8 7 4 2 2 2 2 2 2 2 
2 2 2 2 2 2 2 2 2 2 4 7 8 8 8 8 8 8 5 3 2 4 6 8 8 8 6 4 2 2 2 2 2 2 2 2 
2 2 2 2 2 2 2 2 2 2 2 4 6 8 8 8 7 5 3 2 2 2 3 4 4 4 3 2 2 2 2 2 2 2 2 2 
2 2 2 2 2 2 2 2 2 2 2 2 3 4 4 4 3 2 2 2 2 2 2 2 2 2 2 2 2 2 2 2 2 2 2 2 
"9" 57
1 1 1 1 1 1 1 1 1 1 1 1 1 1 1 1 1 1 1 3 3 3 3 3 1 1 1 1 1 1 1 1 
1 1 1 1 1 1 1 1 1 1 1 1 1 1 1 1 1 3 3 5 5 5 5 5 5 3 1 1 1 1 1 1 
1 1 1 1 1 1 1 1 1 3 4 1 1 1 1 1 3 5 2 2 2 2 2 2 2 5 5 1 1 1 1 1 
1 1 1 1 1 1 1 1 3 2 5 1 1 1 1 1 4 2 2 2 5 5 5 5 5 2 2 5 1 1 1 1 
1 1 1 1 1 1 1 1 3 2 5 1 1 1 1 3 2 2 5 5 3 3 3 3 3 3 2 2 4 1 1 1 
1 1 1 1 1 1 1 1 3 2 5 1 1 1 1 3 2 5 3 1 1 1 1 1 1 1 4 2 5 1 1 1 
1 1 1 1 1 1 1 1 3 2 5 1 1 1 1 3 2 5 1 1 1 1 1 1 1 1 3 2 5 1 1 1 
1 1 1 1 1 1 1 1 3 2 2 4 1 1 1 3 2 5 1 1 1 1 1 1 1 1 4 2 5 1 1 1 
1 1 1 1 1 1 1 1 3 2 2 5 3 1 1 3 2 5 1 1 1 1 1 1 3 3 2 2 5 1 1 1 
1 1 1 1 1 1 1 1 1 4 2 2 5 5 3 3 4 2 5 3 3 3 3 3 5 2 2 2 4 1 1 1 
1 1 1 1 1 1 1 1 1 3 2 2 2 2 5 5 2 2 2 5 5 5 5 2 2 2 2 5 1 1 1 1 
1 1 1 1 1 1 1 1 1 1 3 2 2 2 2 2 2 2 2 2 2 2 2 2 2 2 5 1 1 1 1 1 
1 1 1 1 1 1 1 1 1 1 1 3 5 5 2 2 2 2 2 2 2 2 2 5 5 5 1 1 1 1 1 1 
1 1 1 1 1 1 1 1 1 1 1 1 3 3 3 5 5 5 5 5 5 5 5 3 3 1 1 1 1 1 1 1 
1 1 1 1 1 1 1 1 1 1 1 1 1 1 1 3 3 3 3 3 3 3 1 1 1 1 1 1 1 1 1 1 
":" 58
2 2 2 2 2 2 2 2 3 5 6 5 3 2 2 2 2 2 2 2 4 6 6 4 2 2 2 2 2 2 2 2 2 2 2 2 
2 2 2 2 2 2 2 2 4 7 8 8 4 2 2 2 2 2 2 2 6 8 8 6 3 2 2 2 2 2 2 2 2 2 2 2 
2 2 2 2 2 2 2 2 4 7 8 8 4 2 2 2 2 2 2 2 6 8 8 6 3 2 2 2 2 2 2 2 2 2 2 2 
2 2 2 2 2 2 2 2 3 5 6 5 3 2 2 2 2 2 2 2 4 6 6 4 2 2 2 2 2 2 2 2 2 2 2 2 
";" 59
2 2 2 2 2 4 3 3 2 2 2 2 2 2 2 2 2 2 2 2 2 2 2 2 2 2 2 2 2 2 2 2 2 2 2 2 
2 2 2 2 3 6 7 6 5 4 3 3 2 2 2 2 2 2 2 2 2 2 2 2 2 2 2 2 2 2 2 2 2 2 2 2 
2 2 2 2 3 6 8 8 8 8 7 6 4 2 2 2 2 2 2 2 4 6 6 4 2 2 2 2 2 2 2 2 2 2 2 2 
2 2 2 2 2 4 5 6 8 8 8 8 4 2 2 2 2 2 2 2 6 8 8 6 3 2 2 2 2 2 2 2 2 2 2 2 
2 2 2 2 2 2 2 3 4 6 7 7 4 2 2 2 2 2 2 2 6 8 8 6 3 2 2 2 2 2 2 2 2 2 2 2 
2 2 2 2 2 2 2 2 2 2 3 4 3 2 2 2 2 2 2 2 4 6 6 4 2 2 2 2 2 2 2 2 2 2 2 2 
"<" 60
"=" 61
">" 62
1 1 1 1 1 1 1 1 1 3 1 1 1 1 1 1 1 1 1 1 1 3 3 1 1 1 1 1 1 1 1 1 
1 1 1 1 1 1 1 1 3 4 5 3 1 1 1 1 1 1 1 1 3 4 5 4 1 1 1 1 1 1 1 1 
1 1 1 1 1 1 1 1 3 5 2 5 1 1 1 1 1 1 1 1 3 2 5 4 1 1 1 1 1 1 1 1 
1 1 1 1 1 1 1 1 1 4 2 5 3 1 1 1 1 1 1 3 4 2 5 1 1 1 1 1 1 1 1 1 
1 1 1 1 1 1 1 1 1 3 2 2 5 1 1 1 1 1 1 3 2 2 4 1 1 1 1 1 1 1 1 1 
1 1 1 1 1 1 1 1 1 1 4 2 5 1 1 1 1 1 1 4 2 5 1 1 1 1 1 1 1 1 1 1 
1 1 1 1 1 1 1 1 1 1 3 2 2 4 1 1 1 1 3 2 2 5 1 1 1 1 1 1 1 1 1 1 
1 1 1 1 1 1 1 1 1 1 1 4 2 5 1 1 1 1 4 2 5 3 1 1 1 1 1 1 1 1 1 1 
1 1 1 1 1 1 1 1 1 1 1 3 2 2 4 1 1 3 2 2 5 1 1 1 1 1 1 1 1 1 1 1 
1 1 1 1 1 1 1 1 1 1 1 3 4 2 5 1 1 4 2 5 3 1 1 1 1 1 1 1 1 1 1 1 
1 1 1 1 1 1 1 1 1 1 1 1 3 2 5 4 3 2 2 5 1 1 1 1 1 1 1 1 1 1 1 1 
1 1 1 1 1 1 1 1 1 1 1 1 3 4 2 5 4 2 5 3 1 1 1 1 1 1 1 1 1 1 1 1 
1 1 1 1 1 1 1 1 1 1 1 1 1 3 2 2 2 2 5 1 1 1 1 1 1 1 1 1 1 1 1 1 
1 1 1 1 1 1 1 1 1 1 1 1 1 3 5 2 2 5 3 1 1 1 1 1 1 1 1 1 1 1 1 1 
1 1 1 1 1 1 1 1 1 1 1 1 1 1 3 2 2 5 1 1 1 1 1 1 1 1 1 1 1 1 1 1 
1 1 1 1 1 1 1 1 1 1 1 1 1 1 3 4 4 3 1 1 1 1 1 1 1 1 1 1 1 1 1 1 
"?" 63
1 1 1 1 1 1 1 1 1 1 1 1 1 1 1 1 1 1 1 1 1 1 1 3 4 3 1 1 1 1 1 1 
1 1 1 1 1 1 1 1 1 1 1 1 1 1 1 1 1 1 1 1 1 1 1 3 2 5 3 1 1 1 1 1 
1 1 1 1 1 1 1 1 1 3 3 1 1 1 1 3 1 1 1 1 1 1 1 3 2 2 5 3 1 1 1 1 
1 1 1 1 1 1 1 1 3 5 5 4 1 1 3 5 4 4 1 1 1 1 1 3 2 2 2 4 1 1 1 1 
1 1 1 1 1 1 1 1 3 2 2 5 1 1 4 2 2 5 5 1 1 1 1 1 3 2 2 5 1 1 1 1 
1 1 1 1 1 1 1 1 3 5 5 4 1 1 3 5 5 2 2 5 1 1 1 1 1 4 2 5 1 1 1 1 
1 1 1 1 1 1 1 1 1 3 3 1 1 1 1 3 3 4 2 2 5 1 1 1 1 3 2 5 1 1 1 1 
1 1 1 1 1 1 1 1 1 1 1 1 1 1 1 1 1 3 5 2 5 4 1 1 1 4 2 5 1 1 1 1 
1 1 1 1 1 1 1 1 1 1 1 1 1 1 1 1 1 1 3 5 2 5 4 3 3 2 2 5 1 1 1 1 
1 1 1 1 1 1 1 1 1 1 1 1 1 1 1 1 1 1 1 3 2 2 5 5 2 2 5 3 1 1 1 1 
1 1 1 1 1 1 1 1 1 1 1 1 1 1 1 1 1 1 1 1 4 2 2 2 2 5 4 1 1 1 1 1 
1 1 1 1 1 1 1 1 1 1 1 1 1 1 1 1 1 1 1 1 3 3 5 5 5 4 1 1 1 1 1 1 
1 1 1 1 1 1 1 1 1 1 1 1 1 1 1 1 1 1 1 1 1 1 3 3 3 1 1 1 1 1 1 1 
"@" 64
2 2 2 2 2 2 2 2 2 2 2 2 2 2 2 2 2 3 4 4 4 3 3 2 2 2 2 2 2 2 2 2 2 2 2 2 
2 2 2 2 2 2 2 2 2 2 2 2 2 2 4 5 6 7 7 7 7 7 6 5 4 2 2 2 2 2 2 2 2 2 2 2 
2 2 2 2 2 2 2 2 2 2 2 2 3 5 7 8 8 8 7 7 7 8 8 8 7 6 4 2 2 2 2 2 2 2 2 2 
2 2 2 2 2 2 2 2 2 2 2 4 6 8 8 6 5 4 4 4 4 4 5 6 8 8 6 4 2 2 2 2 2 2 2 2 
2 2 2 2 2 2 2 2 2 2 3 6 8 7 5 3 2 2 2 2 2 2 2 3 5 7 8 7 4 2 2 2 2 2 2 2 
2 2 2 2 2 2 2 2 2 3 6 8 7 4 2 2 3 4 4 4 3 2 2 2 2 4 7 8 6 3 2 2 2 2 2 2 
2 2 2 2 2 2 2 2 2 4 7 7 4 2 3 5 7 8 8 8 7 5 4 2 2 2 4 7 8 5 2 2 2 2 2 2 
2 2 2 2 2 2 2 2 2 6 8 6 3 2 5 8 8 7 7 7 8 8 6 4 2 2 2 5 8 6 3 2 2 2 2 2 
2 2 2 2 2 2 2 2 3 7 8 4 2 3 6 8 6 4 3 3 4 7 8 6 3 2 2 4 7 8 4 2 2 2 2 2 
2 2 2 2 2 2 2 2 4 7 7 3 2 3 7 8 5 2 2 2 2 4 7 8 5 2 2 3 6 8 5 2 2 2 2 2 
2 2 2 2 2 2 2 2 4 8 6 3 2 3 6 8 5 2 2 2 2 2 5 8 6 3 2 2 6 8 6 2 2 2 2 2 
2 2 2 2 2 2 2 2 4 8 6 3 2 2 4 7 6 3 2 2 2 2 5 8 6 3 2 2 6 8 6 2 2 2 2 2 
2 2 2 2 2 2 2 2 4 8 6 3 2 2 5 7 8 6 4 3 2 3 6 8 5 2 2 2 6 8 5 2 2 2 2 2 
2 2 2 2 2 2 2 2 4 7 7 3 2 3 7 8 8 8 7 6 6 7 8 7 4 2 2 3 6 8 4 2 2 2 2 2 
2 2 2 2 2 2 2 2 3 7 8 4 2 4 7 8 6 6 6 7 8 8 8 7 4 2 2 4 7 7 4 2 2 2 2 2 
2 2 2 2 2 2 2 2 2 5 8 6 3 3 6 7 3 2 3 4 5 6 7 7 5 2 3 6 8 6 3 2 2 2 2 2 
2 2 2 2 2 2 2 2 2 4 7 7 4 3 5 7 4 2 2 2 2 2 3 4 3 3 5 8 7 4 2 2 2 2 2 2 
2 2 2 2 2 2 2 2 2 2 4 7 7 4 4 7 7 4 2 2 2 2 2 2 3 5 7 8 5 2 2 2 2 2 2 2 
2 2 2 2 2 2 2 2 2 2 2 5 7 4 2 4 7 7 6 4 4 4 4 5 6 8 8 5 3 2 2 2 2 2 2 2 
2 2 2 2 2 2 2 2 2 2 2 2 4 4 2 2 4 6 7 7 7 7 7 8 8 7 5 3 2 2 2 2 2 2 2 2 
2 2 2 2 2 2 2 2 2 2 2 2 2 2 2 2 2 3 4 6 6 6 6 6 5 4 2 2 2 2 2 2 2 2 2 2 
2 2 2 2 2 2 2 2 2 2 2 2 2 2 2 2 2 2 2 2 3 3 3 2 2 2 2 2 2 2 2 2 2 2 2 2 
"A" 65
1 1 1 1 1 1 1 1 3 4 4 3 1 1 1 1 1 1 1 1 1 1 1 1 1 1 1 1 1 1 1 1 
1 1 1 1 1 1 1 1 3 2 5 5 4 4 3 1 1 1 1 1 1 1 1 1 1 1 1 1 1 1 1 1 
1 1 1 1 1 1 1 1 3 2 2 2 2 5 5 4 4 3 1 1 1 1 1 1 1 1 1 1 1 1 1 1 
1 1 1 1 1 1 1 1 1 4 4 5 2 2 2 2 5 5 4 4 3 1 1 1 1 1 1 1 1 1 1 1 
1 1 1 1 1 1 1 1 1 1 3 3 4 4 5 2 2 2 2 5 5 4 4 3 1 1 1 1 1 1 1 1 
1 1 1 1 1 1 1 1 1 1 1 1 1 3 4 2 2 5 5 2 2 2 5 5 4 4 3 1 1 1 1 1 
1 1 1 1 1 1 1 1 1 1 1 1 1 1 3 2 5 3 3 4 5 5 2 2 2 5 5 4 1 1 1 1 
1 1 1 1 1 1 1 1 1 1 1 1 1 1 3 2 5 1 1 1 3 3 4 5 2 2 2 5 1 1 1 1 
1 1 1 1 1 1 1 1 1 1 1 1 1 1 3 2 5 1 1 1 3 3 4 5 2 2 2 5 1 1 1 1 
1 1 1 1 1 1 1 1 1 1 1 1 1 1 3 2 5 3 3 4 4 5 2 2 2 2 5 4 1 1 1 1 
1 1 1 1 1 1 1 1 1 1 1 1 1 1 3 2 5 4 5 2 2 2 2 5 5 4 3 1 1 1 1 1 
1 1 1 1 1 1 1 1 1 1 1 3 3 4 5 2 2 2 2 2 5 5 4 3 3 1 1 1 1 1 1 1 
1 1 1 1 1 1 1 1 1 3 4 4 5 2 2 2 2 5 5 4 3 3 1 1 1 1 1 1 1 1 1 1 
1 1 1 1 1 1 1 1 3 5 2 2 2 2 5 5 4 3 3 1 1 1 1 1 1 1 1 1 1 1 1 1 
1 1 1 1 1 1 1 1 3 2 2 5 5 4 3 3 1 1 1 1 1 1 1 1 1 1 1 1 1 1 1 1 
1 1 1 1 1 1 1 1 3 5 4 3 3 1 1 1 1 1 1 1 1 1 1 1 1 1 1 1 1 1 1 1 
1 1 1 1 1 1 1 1 1 3 1 1 1 1 1 1 1 1 1 1 1 1 1 1 1 1 1 1 1 1 1 1 
"B"
1 1 1 1 1 1 1 1 1 3 3 3 3 3 3 3 3 3 3 3 3 3 3 3 3 3 3 1 1 1 1 1 
1 1 1 1 1 1 1 1 3 5 5 5 5 5 5 5 5 5 5 5 5 5 5 5 5 5 5 4 1 1 1 1 
1 1 1 1 1 1 1 1 3 2 2 2 2 2 2 2 2 2 2 2 2 2 2 2 2 2 2 5 1 1 1 1 
1 1 1 1 1 1 1 1 3 2 2 5 5 5 5 5 5 2 2 2 5 5 5 5 5 2 2 5 1 1 1 1 
1 1 1 1 1 1 1 1 3 2 5 3 3 3 3 3 3 4 2 5 3 3 3 3 3 4 2 5 1 1 1 1 
1 1 1 1 1 1 1 1 3 2 5 1 1 1 1 1 1 3 2 5 1 1 1 1 1 3 2 5 1 1 1 1 
1 1 1 1 1 1 1 1 3 2 5 1 1 1 1 1 1 3 2 5 1 1 1 1 1 3 2 5 1 1 1 1 
1 1 1 1 1 1 1 1 3 2 5 1 1 1 1 1 1 3 2 5 1 1 1 1 1 4 2 5 1 1 1 1 
1 1 1 1 1 1 1 1 3 2 5 1 1 1 1 1 1 4 2 2 5 3 3 3 3 2 2 5 1 1 1 1 
1 1 1 1 1 1 1 1 3 2 5 1 1 1 1 1 3 2 2 2 2 5 5 5 2 2 2 4 1 1 1 1 
1 1 1 1 1 1 1 1 1 4 2 5 3 3 3 3 2 2 5 3 2 2 2 2 2 2 5 1 1 1 1 1 
1 1 1 1 1 1 1 1 1 3 2 2 5 5 5 2 2 2 4 1 3 5 5 5 5 5 1 1 1 1 1 1 
1 1 1 1 1 1 1 1 1 1 3 2 2 2 2 2 2 5 1 1 1 3 3 3 3 1 1 1 1 1 1 1 
1 1 1 1 1 1 1 1 1 1 1 3 5 5 5 5 5 1 1 1 1 1 1 1 1 1 1 1 1 1 1 1 
1 1 1 1 1 1 1 1 1 1 1 1 3 3 3 3 1 1 1 1 1 1 1 1 1 1 1 1 1 1 1 1 
"C"
1 1 1 1 1 1 1 1 1 1 1 1 1 1 1 1 3 3 3 3 1 1 1 1 1 1 1 1 1 1 1 1 
1 1 1 1 1 1 1 1 1 1 1 1 1 3 4 4 5 5 5 5 4 4 3 1 1 1 1 1 1 1 1 1 
1 1 1 1 1 1 1 1 1 1 1 3 4 5 2 2 2 2 2 2 2 2 5 5 3 1 1 1 1 1 1 1 
1 1 1 1 1 1 1 1 1 1 3 4 2 2 2 2 2 2 2 2 2 2 2 2 5 4 1 1 1 1 1 1 
1 1 1 1 1 1 1 1 1 3 4 2 2 2 5 5 5 5 5 5 5 5 2 2 2 5 3 1 1 1 1 1 
1 1 1 1 1 1 1 1 1 4 2 2 5 5 4 3 3 3 3 3 3 3 4 5 2 2 5 3 1 1 1 1 
1 1 1 1 1 1 1 1 3 5 2 5 4 3 1 1 1 1 1 1 1 1 3 3 5 2 2 4 1 1 1 1 
1 1 1 1 1 1 1 1 3 2 5 4 1 1 1 1 1 1 1 1 1 1 1 1 3 5 2 5 1 1 1 1 
1 1 1 1 1 1 1 1 3 2 5 1 1 1 1 1 1 1 1 1 1 1 1 1 1 3 2 5 1 1 1 1 
1 1 1 1 1 1 1 1 3 2 5 1 1 1 1 1 1 1 1 1 1 1 1 1 1 3 2 5 1 1 1 1 
1 1 1 1 1 1 1 1 3 2 5 3 1 1 1 1 1 1 1 1 1 1 1 1 1 4 2 5 1 1 1 1 
1 1 1 1 1 1 1 1 3 2 2 5 1 1 1 1 1 1 1 1 1 1 1 1 3 5 2 5 1 1 1 1 
1 1 1 1 1 1 1 1 1 4 2 5 1 1 1 1 1 1 1 1 1 1 1 1 1 4 5 3 1 1 1 1 
1 1 1 1 1 1 1 1 1 3 5 3 1 1 1 1 1 1 1 1 1 1 1 1 1 3 4 1 1 1 1 1 
1 1 1 1 1 1 1 1 1 1 3 1 1 1 1 1 1 1 1 1 1 1 1 1 1 1 1 1 1 1 1 1 
"D"
2 2 2 2 2 2 2 2 2 3 4 4 4 4 4 4 4 4 4 4 4 4 4 4 4 4 4 4 4 2 2 2 2 2 2 2 
2 2 2 2 2 2 2 2 3 6 7 7 7 7 7 7 7 7 7 7 7 7 7 7 7 7 7 7 7 4 2 2 2 2 2 2 
2 2 2 2 2 2 2 2 4 7 8 8 8 8 8 8 8 8 8 8 8 8 8 8 8 8 8 8 8 4 2 2 2 2 2 2 
2 2 2 2 2 2 2 2 4 7 8 7 6 6 6 6 6 6 6 6 6 6 6 6 6 6 6 8 8 4 2 2 2 2 2 2 
2 2 2 2 2 2 2 2 4 7 8 5 2 2 2 2 2 2 2 2 2 2 2 2 2 2 4 7 8 4 2 2 2 2 2 2 
2 2 2 2 2 2 2 2 4 7 8 4 2 2 2 2 2 2 2 2 2 2 2 2 2 2 4 7 8 4 2 2 2 2 2 2 
2 2 2 2 2 2 2 2 4 7 8 5 2 2 2 2 2 2 2 2 2 2 2 2 2 2 4 7 8 4 2 2 2 2 2 2 
2 2 2 2 2 2 2 2 3 7 8 6 2 2 2 2 2 2 2 2 2 2 2 2 2 2 5 8 8 4 2 2 2 2 2 2 
2 2 2 2 2 2 2 2 2 6 8 7 4 2 2 2 2 2 2 2 2 2 2 2 2 4 6 8 7 3 2 2 2 2 2 2 
2 2 2 2 2 2 2 2 2 4 7 8 7 4 3 2 2 2 2 2 2 2 2 2 4 6 8 8 5 2 2 2 2 2 2 2 
2 2 2 2 2 2 2 2 2 3 5 8 8 7 6 4 4 3 3 3 3 3 4 6 7 8 8 6 4 2 2 2 2 2 2 2 
2 2 2 2 2 2 2 2 2 2 3 5 8 8 8 8 7 7 6 6 6 7 8 8 8 8 7 4 2 2 2 2 2 2 2 2 
2 2 2 2 2 2 2 2 2 2 2 3 4 6 8 8 8 8 8 8 8 8 8 8 7 6 4 2 2 2 2 2 2 2 2 2 
2 2 2 2 2 2 2 2 2 2 2 2 2 3 4 6 6 7 7 7 7 7 6 5 4 2 2 2 2 2 2 2 2 2 2 2 
2 2 2 2 2 2 2 2 2 2 2 2 2 2 2 2 3 3 4 4 4 3 3 2 2 2 2 2 2 2 2 2 2 2 2 2 
"E"
1 1 1 1 1 1 1 1 1 3 3 3 3 3 3 3 3 3 3 3 3 3 3 3 3 3 3 1 1 1 1 1 
1 1 1 1 1 1 1 1 3 5 5 5 5 5 5 5 5 5 5 5 5 5 5 5 5 5 5 4 1 1 1 1 
1 1 1 1 1 1 1 1 3 2 2 2 2 2 2 2 2 2 2 2 2 2 2 2 2 2 2 5 1 1 1 1 
1 1 1 1 1 1 1 1 3 2 2 5 5 5 5 5 5 2 2 2 5 5 5 5 5 2 2 5 1 1 1 1 
1 1 1 1 1 1 1 1 3 2 5 3 3 3 3 3 3 4 2 5 3 3 3 3 3 4 2 5 1 1 1 1 
1 1 1 1 1 1 1 1 3 2 5 1 1 1 1 1 1 3 2 5 1 1 1 1 1 3 2 5 1 1 1 1 
1 1 1 1 1 1 1 1 3 2 5 1 1 1 1 1 1 3 2 5 1 1 1 1 1 3 2 5 1 1 1 1 
1 1 1 1 1 1 1 1 3 2 5 1 1 1 1 1 1 3 2 5 1 1 1 1 1 3 2 5 1 1 1 1 
1 1 1 1 1 1 1 1 3 2 5 1 1 1 1 1 1 3 2 5 1 1 1 1 1 3 2 5 1 1 1 1 
1 1 1 1 1 1 1 1 3 2 5 1 1 1 1 1 1 3 2 5 1 1 1 1 1 3 2 5 1 1 1 1 
1 1 1 1 1 1 1 1 3 2 5 1 1 1 1 1 1 3 5 4 1 1 1 1 1 3 2 5 1 1 1 1 
1 1 1 1 1 1 1 1 3 5 4 1 1 1 1 1 1 1 3 1 1 1 1 1 1 3 5 4 1 1 1 1 
1 1 1 1 1 1 1 1 1 3 1 1 1 1 1 1 1 1 1 1 1 1 1 1 1 1 3 1 1 1 1 1 
"F"
1 1 1 1 1 1 1 1 1 3 3 3 3 3 3 3 3 3 3 3 3 3 3 3 3 3 3 1 1 1 1 1 
1 1 1 1 1 1 1 1 3 5 5 5 5 5 5 5 5 5 5 5 5 5 5 5 5 5 5 4 1 1 1 1 
1 1 1 1 1 1 1 1 3 2 2 2 2 2 2 2 2 2 2 2 2 2 2 2 2 2 2 5 1 1 1 1 
1 1 1 1 1 1 1 1 3 5 5 5 5 5 5 5 5 2 2 2 5 5 5 5 5 2 2 5 1 1 1 1 
1 1 1 1 1 1 1 1 1 3 3 3 3 3 3 3 3 4 2 5 3 3 3 3 3 4 2 5 1 1 1 1 
1 1 1 1 1 1 1 1 1 1 1 1 1 1 1 1 1 3 2 5 1 1 1 1 1 3 2 5 1 1 1 1 
1 1 1 1 1 1 1 1 1 1 1 1 1 1 1 1 1 3 2 5 1 1 1 1 1 3 2 5 1 1 1 1 
1 1 1 1 1 1 1 1 1 1 1 1 1 1 1 1 1 3 2 5 1 1 1 1 1 3 2 5 1 1 1 1 
1 1 1 1 1 1 1 1 1 1 1 1 1 1 1 1 1 3 2 5 1 1 1 1 1 3 2 5 1 1 1 1 
1 1 1 1 1 1 1 1 1 1 1 1 1 1 1 1 1 3 2 5 1 1 1 1 1 3 2 5 1 1 1 1 
1 1 1 1 1 1 1 1 1 1 1 1 1 1 1 1 1 3 5 4 1 1 1 1 1 3 2 5 1 1 1 1 
1 1 1 1 1 1 1 1 1 1 1 1 1 1 1 1 1 1 3 1 1 1 1 1 1 3 5 4 1 1 1 1 
1 1 1 1 1 1 1 1 1 1 1 1 1 1 1 1 1 1 1 1 1 1 1 1 1 1 3 1 1 1 1 1 
"G"
1 1 1 1 1 1 1 1 1 1 1 1 1 1 1 3 3 3 3 3 3 1 1 1 1 1 1 1 1 1 1 1 
1 1 1 1 1 1 1 1 1 1 1 1 1 3 3 5 5 5 5 5 5 5 3 1 1 1 1 1 1 1 1 1 
1 1 1 1 1 1 1 1 1 1 1 3 3 5 2 2 2 2 2 2 2 2 5 5 3 1 1 1 1 1 1 1 
1 1 1 1 1 1 1 1 1 1 3 5 2 2 2 2 2 2 2 2 2 2 2 2 5 5 1 1 1 1 1 1 
1 1 1 1 1 1 1 1 1 3 2 2 2 2 2 5 5 5 5 5 5 2 2 2 2 2 4 1 1 1 1 1 
1 1 1 1 1 1 1 1 1 4 2 2 2 5 5 3 3 3 3 3 3 3 5 2 2 2 5 1 1 1 1 1 
1 1 1 1 1 1 1 1 3 2 2 2 5 3 1 1 1 1 1 1 1 1 3 3 2 2 2 4 1 1 1 1 
1 1 1 1 1 1 1 1 3 2 2 5 1 1 1 1 1 3 1 1 1 1 1 1 3 2 2 5 1 1 1 1 
1 1 1 1 1 1 1 1 3 2 5 1 1 1 1 1 3 5 4 1 1 1 1 1 1 4 2 5 1 1 1 1 
1 1 1 1 1 1 1 1 3 2 5 1 1 1 1 1 3 2 5 1 1 1 1 1 1 3 2 5 1 1 1 1 
1 1 1 1 1 1 1 1 3 2 5 1 1 1 1 1 3 2 5 1 1 1 1 1 1 4 2 5 1 1 1 1 
1 1 1 1 1 1 1 1 3 2 2 5 3 3 3 3 4 2 5 1 1 1 1 1 3 2 2 4 1 1 1 1 
1 1 1 1 1 1 1 1 1 4 2 2 5 5 5 5 2 2 5 1 1 1 1 1 3 2 5 1 1 1 1 1 
1 1 1 1 1 1 1 1 1 3 2 2 2 2 2 2 2 2 5 1 1 1 1 1 3 5 4 1 1 1 1 1 
1 1 1 1 1 1 1 1 1 1 3 5 5 5 5 5 5 5 4 1 1 1 1 1 1 3 1 1 1 1 1 1 
1 1 1 1 1 1 1 1 1 1 1 3 3 3 3 3 3 3 1 1 1 1 1 1 1 1 1 1 1 1 1 1 
"H"
1 1 1 1 1 1 1 1 1 3 3 3 3 3 3 3 3 3 3 3 3 3 3 3 3 3 3 1 1 1 1 1 
1 1 1 1 1 1 1 1 3 5 5 5 5 5 5 5 5 5 5 5 5 5 5 5 5 5 5 4 1 1 1 1 
1 1 1 1 1 1 1 1 3 2 2 2 2 2 2 2 2 2 2 2 2 2 2 2 2 2 2 5 1 1 1 1 
1 1 1 1 1 1 1 1 3 5 5 5 5 5 5 5 5 2 2 2 5 5 5 5 5 5 5 4 1 1 1 1 
1 1 1 1 1 1 1 1 1 3 3 3 3 3 3 3 3 4 2 5 3 3 3 3 3 3 3 1 1 1 1 1 
1 1 1 1 1 1 1 1 1 1 1 1 1 1 1 1 1 3 2 5 1 1 1 1 1 1 1 1 1 1 1 1 
1 1 1 1 1 1 1 1 1 1 1 1 1 1 1 1 1 3 2 5 1 1 1 1 1 1 1 1 1 1 1 1 
1 1 1 1 1 1 1 1 1 1 1 1 1 1 1 1 1 3 2 5 1 1 1 1 1 1 1 1 1 1 1 1 
1 1 1 1 1 1 1 1 1 1 1 1 1 1 1 1 1 3 2 5 1 1 1 1 1 1 1 1 1 1 1 1 
1 1 1 1 1 1 1 1 1 1 1 1 1 1 1 1 1 3 2 5 1 1 1 1 1 1 1 1 1 1 1 1 
1 1 1 1 1 1 1 1 1 3 3 3 3 3 3 3 3 4 2 5 3 3 3 3 3 3 3 1 1 1 1 1 
1 1 1 1 1 1 1 1 3 5 5 5 5 5 5 5 5 2 2 2 5 5 5 5 5 5 5 4 1 1 1 1 
1 1 1 1 1 1 1 1 3 2 2 2 2 2 2 2 2 2 2 2 2 2 2 2 2 2 2 5 1 1 1 1 
1 1 1 1 1 1 1 1 3 5 5 5 5 5 5 5 5 5 5 5 5 5 5 5 5 5 5 4 1 1 1 1 
1 1 1 1 1 1 1 1 1 3 3 3 3 3 3 3 3 3 3 3 3 3 3 3 3 3 3 1 1 1 1 1 
"I" 73 no_kern
1 1 1 1 1 1 1 1 1 3 3 3 3 3 3 3 3 3 3 3 3 3 3 3 3 3 3 1 1 1 1 1 
1 1 1 1 1 1 1 1 3 5 5 5 5 5 5 5 5 5 5 5 5 5 5 5 5 5 5 4 1 1 1 1 
1 1 1 1 1 1 1 1 3 2 2 2 2 2 2 2 2 2 2 2 2 2 2 2 2 2 2 5 1 1 1 1 
1 1 1 1 1 1 1 1 3 5 5 5 5 5 5 5 5 5 5 5 5 5 5 5 5 5 5 4 1 1 1 1 
1 1 1 1 1 1 1 1 1 3 3 3 3 3 3 3 3 3 3 3 3 3 3 3 3 3 3 1 1 1 1 1 
"J"
1 1 1 3 1 1 1 1 1 1 1 1 1 1 1 1 1 1 1 1 1 1 1 1 1 1 1 1 1 1 1 1 
1 1 3 5 4 1 1 1 1 1 1 1 1 1 1 1 1 1 1 1 1 1 1 1 1 1 1 1 1 1 1 1 
1 1 3 2 5 1 1 1 1 1 1 1 1 1 1 1 1 1 1 1 1 1 1 1 1 1 1 1 1 1 1 1 
1 1 3 2 2 4 1 1 1 1 1 1 1 1 1 1 1 1 1 1 1 1 1 1 1 1 1 1 1 1 1 1 
1 1 3 2 2 5 3 1 1 1 1 1 1 1 1 1 1 1 1 1 1 1 1 1 1 1 1 1 1 1 1 1 
1 1 1 3 2 2 5 5 3 3 3 3 3 3 3 3 3 3 3 3 3 3 3 3 3 3 3 1 1 1 1 1 
1 1 1 1 3 2 2 2 5 5 5 5 5 5 5 5 5 5 5 5 5 5 5 5 5 5 5 4 1 1 1 1 
1 1 1 1 1 3 2 2 2 2 2 2 2 2 2 2 2 2 2 2 2 2 2 2 2 2 2 5 1 1 1 1 
1 1 1 1 1 1 3 5 5 5 5 5 5 5 5 5 5 5 5 5 5 5 5 5 5 5 5 4 1 1 1 1 
1 1 1 1 1 1 1 3 3 3 3 3 3 3 3 3 3 3 3 3 3 3 3 3 3 3 3 1 1 1 1 1 
"K"
1 1 1 1 1 1 1 1 1 3 3 3 3 3 3 3 3 3 3 3 3 3 3 3 3 3 3 1 1 1 1 1 
1 1 1 1 1 1 1 1 3 5 5 5 5 5 5 5 5 5 5 5 5 5 5 5 5 5 5 4 1 1 1 1 
1 1 1 1 1 1 1 1 3 2 2 2 2 2 2 2 2 2 2 2 2 2 2 2 2 2 2 5 1 1 1 1 
1 1 1 1 1 1 1 1 3 5 5 5 5 5 5 5 2 2 2 2 2 5 5 5 5 5 5 4 1 1 1 1 
1 1 1 1 1 1 1 1 1 3 3 3 3 3 3 4 5 2 2 2 2 4 3 3 3 3 3 1 1 1 1 1 
1 1 1 1 1 1 1 1 1 1 1 1 1 1 3 4 2 2 5 2 2 5 4 1 1 1 1 1 1 1 1 1 
1 1 1 1 1 1 1 1 1 1 1 1 1 3 5 2 2 5 4 4 2 2 5 4 1 1 1 1 1 1 1 1 
1 1 1 1 1 1 1 1 1 1 1 3 4 2 2 2 5 3 1 1 3 2 2 5 4 1 1 1 1 1 1 1 
1 1 1 1 1 1 1 1 1 1 3 5 2 2 5 4 1 1 1 1 1 3 5 2 2 5 1 1 1 1 1 1 
1 1 1 1 1 1 1 1 1 3 5 2 2 5 3 1 1 1 1 1 1 1 3 5 2 2 5 3 1 1 1 1 
1 1 1 1 1 1 1 1 3 2 2 5 5 3 1 1 1 1 1 1 1 1 1 3 4 2 2 5 1 1 1 1 
1 1 1 1 1 1 1 1 3 2 5 4 1 1 1 1 1 1 1 1 1 1 1 1 3 4 2 5 1 1 1 1 
1 1 1 1 1 1 1 1 3 5 3 1 1 1 1 1 1 1 1 1 1 1 1 1 1 3 4 5 1 1 1 1 
1 1 1 1 1 1 1 1 1 3 1 1 1 1 1 1 1 1 1 1 1 1 1 1 1 1 3 3 1 1 1 1 
"L"
1 1 1 1 1 1 1 1 1 3 3 3 3 3 3 3 3 3 3 3 3 3 3 3 3 3 3 1 1 1 1 1 
1 1 1 1 1 1 1 1 3 5 5 5 5 5 5 5 5 5 5 5 5 5 5 5 5 5 5 4 1 1 1 1 
1 1 1 1 1 1 1 1 3 2 2 2 2 2 2 2 2 2 2 2 2 2 2 2 2 2 2 5 1 1 1 1 
1 1 1 1 1 1 1 1 3 2 2 5 5 5 5 5 5 5 5 5 5 5 5 5 5 5 5 4 1 1 1 1 
1 1 1 1 1 1 1 1 3 2 5 3 3 3 3 3 3 3 3 3 3 3 3 3 3 3 3 1 1 1 1 1 
1 1 1 1 1 1 1 1 3 2 5 1 1 1 1 1 1 1 1 1 1 1 1 1 1 1 1 1 1 1 1 1 
1 1 1 1 1 1 1 1 3 2 5 1 1 1 1 1 1 1 1 1 1 1 1 1 1 1 1 1 1 1 1 1 
1 1 1 1 1 1 1 1 3 2 5 1 1 1 1 1 1 1 1 1 1 1 1 1 1 1 1 1 1 1 1 1 
1 1 1 1 1 1 1 1 3 2 5 1 1 1 1 1 1 1 1 1 1 1 1 1 1 1 1 1 1 1 1 1 
1 1 1 1 1 1 1 1 3 2 5 1 1 1 1 1 1 1 1 1 1 1 1 1 1 1 1 1 1 1 1 1 
1 1 1 1 1 1 1 1 3 2 5 1 1 1 1 1 1 1 1 1 1 1 1 1 1 1 1 1 1 1 1 1 
1 1 1 1 1 1 1 1 3 4 3 1 1 1 1 1 1 1 1 1 1 1 1 1 1 1 1 1 1 1 1 1 
"M"
1 1 1 1 1 1 1 1 1 3 3 3 1 1 1 1 1 1 1 1 1 1 1 1 1 1 1 1 1 1 1 1 
1 1 1 1 1 1 1 1 3 5 5 4 4 4 4 4 3 3 3 3 3 3 3 1 1 1 1 1 1 1 1 1 
1 1 1 1 1 1 1 1 3 2 2 2 2 2 2 5 5 5 5 5 5 5 4 4 4 4 4 3 1 1 1 1 
1 1 1 1 1 1 1 1 3 5 5 5 2 2 2 2 2 2 2 2 2 2 2 2 2 2 5 5 1 1 1 1 
1 1 1 1 1 1 1 1 1 3 3 3 4 4 4 5 5 5 5 2 2 2 2 2 2 2 2 5 1 1 1 1 
1 1 1 1 1 1 1 1 1 1 1 1 1 1 3 3 3 3 4 4 5 5 2 2 2 2 2 5 1 1 1 1 
1 1 1 1 1 1 1 1 1 1 1 1 1 1 1 1 1 3 3 4 5 2 2 2 2 5 5 4 1 1 1 1 
1 1 1 1 1 1 1 1 1 1 1 1 1 1 1 3 3 4 5 2 2 2 2 5 5 4 3 1 1 1 1 1 
1 1 1 1 1 1 1 1 1 1 1 1 1 3 4 5 5 2 2 2 5 5 4 3 3 1 1 1 1 1 1 1 
1 1 1 1 1 1 1 1 1 1 1 1 3 5 2 2 2 5 5 4 3 3 1 1 1 1 1 1 1 1 1 1 
1 1 1 1 1 1 1 1 1 1 1 1 3 2 2 2 2 4 3 3 1 1 1 1 1 1 1 1 1 1 1 1 
1 1 1 1 1 1 1 1 1 1 1 1 3 2 2 2 2 5 4 3 1 1 1 1 1 1 1 1 1 1 1 1 
1 1 1 1 1 1 1 1 1 1 1 1 3 5 5 2 2 2 2 5 4 4 3 1 1 1 1 1 1 1 1 1 
1 1 1 1 1 1 1 1 1 1 1 1 1 3 3 4 5 5 2 2 2 5 5 4 4 3 1 1 1 1 1 1 
1 1 1 1 1 1 1 1 1 1 1 1 1 1 1 1 3 3 4 5 5 2 2 2 5 5 4 3 1 1 1 1 
1 1 1 1 1 1 1 1 1 1 1 1 1 1 1 1 1 3 3 3 4 5 2 2 2 2 2 5 1 1 1 1 
1 1 1 1 1 1 1 1 1 1 1 1 3 3 3 3 3 4 4 5 5 2 2 2 2 2 2 5 1 1 1 1 
1 1 1 1 1 1 1 1 1 3 3 4 4 5 5 5 5 2 2 2 2 2 2 2 2 2 2 5 1 1 1 1 
1 1 1 1 1 1 1 1 3 5 5 2 2 2 2 2 2 2 2 2 2 2 2 2 5 5 5 4 1 1 1 1 
1 1 1 1 1 1 1 1 3 2 2 2 2 2 5 5 5 5 5 5 5 4 4 4 4 3 3 1 1 1 1 1 
1 1 1 1 1 1 1 1 3 5 5 4 4 4 4 3 3 3 3 3 3 3 1 1 1 1 1 1 1 1 1 1 
1 1 1 1 1 1 1 1 1 3 3 1 1 1 1 1 1 1 1 1 1 1 1 1 1 1 1 1 1 1 1 1 
"N"
1 1 1 1 1 1 1 1 1 3 3 3 3 3 3 3 3 3 3 3 3 3 3 3 3 3 3 1 1 1 1 1 
1 1 1 1 1 1 1 1 3 5 5 5 5 5 5 5 5 5 5 5 5 5 5 5 5 5 5 4 1 1 1 1 
1 1 1 1 1 1 1 1 3 2 2 2 2 2 2 2 2 2 2 2 2 2 2 2 2 2 2 5 1 1 1 1 
1 1 1 1 1 1 1 1 3 5 5 5 5 5 5 5 5 5 5 5 5 5 5 2 2 2 2 5 1 1 1 1 
1 1 1 1 1 1 1 1 1 3 3 3 3 3 3 3 3 3 3 3 3 3 4 5 2 2 2 5 1 1 1 1 
1 1 1 1 1 1 1 1 1 1 1 1 1 1 1 1 1 1 1 1 3 4 5 2 2 5 5 3 1 1 1 1 
1 1 1 1 1 1 1 1 1 1 1 1 1 1 1 1 1 1 3 3 5 2 2 5 5 4 3 1 1 1 1 1 
1 1 1 1 1 1 1 1 1 1 1 1 1 1 1 1 3 3 4 2 2 2 5 4 3 1 1 1 1 1 1 1 
1 1 1 1 1 1 1 1 1 1 1 1 1 1 1 3 4 5 2 2 5 4 3 1 1 1 1 1 1 1 1 1 
1 1 1 1 1 1 1 1 1 1 1 1 1 3 4 5 2 2 5 5 3 1 1 1 1 1 1 1 1 1 1 1 
1 1 1 1 1 1 1 1 1 1 1 3 3 5 2 2 5 5 4 3 1 1 1 1 1 1 1 1 1 1 1 1 
1 1 1 1 1 1 1 1 1 3 3 4 2 2 2 2 5 3 3 3 3 3 3 3 3 3 3 1 1 1 1 1 
1 1 1 1 1 1 1 1 3 4 5 2 2 2 2 2 5 5 5 5 5 5 5 5 5 5 5 4 1 1 1 1 
1 1 1 1 1 1 1 1 3 2 2 2 2 2 2 2 2 2 2 2 2 2 2 2 2 2 2 5 1 1 1 1 
1 1 1 1 1 1 1 1 3 5 5 5 5 5 5 5 5 5 5 5 5 5 5 5 5 5 5 4 1 1 1 1 
1 1 1 1 1 1 1 1 1 3 3 3 3 3 3 3 3 3 3 3 3 3 3 3 3 3 3 1 1 1 1 1 
"O"
1 1 1 1 1 1 1 1 1 1 1 1 1 1 1 3 3 3 3 3 3 1 1 1 1 1 1 1 1 1 1 1 
1 1 1 1 1 1 1 1 1 1 1 1 1 3 3 5 5 5 5 5 5 5 3 1 1 1 1 1 1 1 1 1 
1 1 1 1 1 1 1 1 1 1 1 3 3 5 2 2 2 2 2 2 2 2 5 5 3 1 1 1 1 1 1 1 
1 1 1 1 1 1 1 1 1 1 3 5 2 2 2 2 2 2 2 2 2 2 2 2 5 5 1 1 1 1 1 1 
1 1 1 1 1 1 1 1 1 3 2 2 2 2 2 5 5 5 5 5 5 2 2 2 2 2 4 1 1 1 1 1 
1 1 1 1 1 1 1 1 1 4 2 2 2 5 5 3 3 3 3 3 3 3 5 2 2 2 5 1 1 1 1 1 
1 1 1 1 1 1 1 1 3 2 2 5 5 3 1 1 1 1 1 1 1 1 3 3 5 2 2 4 1 1 1 1 
1 1 1 1 1 1 1 1 3 2 5 3 1 1 1 1 1 1 1 1 1 1 1 1 3 4 2 5 1 1 1 1 
1 1 1 1 1 1 1 1 3 2 5 1 1 1 1 1 1 1 1 1 1 1 1 1 1 3 2 5 1 1 1 1 
1 1 1 1 1 1 1 1 3 2 5 1 1 1 1 1 1 1 1 1 1 1 1 1 1 4 2 5 1 1 1 1 
1 1 1 1 1 1 1 1 3 2 2 5 1 1 1 1 1 1 1 1 1 1 1 1 3 2 2 5 1 1 1 1 
1 1 1 1 1 1 1 1 3 2 2 2 5 3 1 1 1 1 1 1 1 1 3 3 2 2 2 4 1 1 1 1 
1 1 1 1 1 1 1 1 1 4 2 2 2 5 5 3 3 3 3 3 3 3 5 2 2 2 5 1 1 1 1 1 
1 1 1 1 1 1 1 1 1 3 2 2 2 2 2 5 5 5 5 5 5 2 2 2 2 2 4 1 1 1 1 1 
1 1 1 1 1 1 1 1 1 1 3 5 2 2 2 2 2 2 2 2 2 2 2 2 5 5 1 1 1 1 1 1 
1 1 1 1 1 1 1 1 1 1 1 3 3 5 2 2 2 2 2 2 2 2 5 5 3 1 1 1 1 1 1 1 
1 1 1 1 1 1 1 1 1 1 1 1 1 3 3 5 5 5 5 5 5 5 3 1 1 1 1 1 1 1 1 1 
1 1 1 1 1 1 1 1 1 1 1 1 1 1 1 3 3 3 3 3 3 1 1 1 1 1 1 1 1 1 1 1 
"P"
1 1 1 1 1 1 1 1 1 3 3 3 3 3 3 3 3 3 3 3 3 3 3 3 3 3 3 1 1 1 1 1 
1 1 1 1 1 1 1 1 3 5 5 5 5 5 5 5 5 5 5 5 5 5 5 5 5 5 5 4 1 1 1 1 
1 1 1 1 1 1 1 1 3 2 2 2 2 2 2 2 2 2 2 2 2 2 2 2 2 2 2 5 1 1 1 1 
1 1 1 1 1 1 1 1 3 5 5 5 5 5 5 5 2 2 2 5 5 5 5 5 5 2 2 5 1 1 1 1 
1 1 1 1 1 1 1 1 1 3 3 3 3 3 3 3 4 2 5 3 3 3 3 3 3 4 2 5 1 1 1 1 
1 1 1 1 1 1 1 1 1 1 1 1 1 1 1 1 3 2 5 1 1 1 1 1 1 3 2 5 1 1 1 1 
1 1 1 1 1 1 1 1 1 1 1 1 1 1 1 1 3 2 5 1 1 1 1 1 1 3 2 5 1 1 1 1 
1 1 1 1 1 1 1 1 1 1 1 1 1 1 1 1 3 2 5 1 1 1 1 1 1 3 2 5 1 1 1 1 
1 1 1 1 1 1 1 1 1 1 1 1 1 1 1 1 3 2 5 3 1 1 1 1 1 4 2 5 1 1 1 1 
1 1 1 1 1 1 1 1 1 1 1 1 1 1 1 1 3 2 2 4 1 1 1 1 3 5 2 5 1 1 1 1 
1 1 1 1 1 1 1 1 1 1 1 1 1 1 1 1 1 4 2 5 4 3 3 3 5 2 5 3 1 1 1 1 
1 1 1 1 1 1 1 1 1 1 1 1 1 1 1 1 1 3 2 2 5 5 5 5 2 2 5 1 1 1 1 1 
1 1 1 1 1 1 1 1 1 1 1 1 1 1 1 1 1 1 4 5 2 2 2 2 5 5 3 1 1 1 1 1 
1 1 1 1 1 1 1 1 1 1 1 1 1 1 1 1 1 1 1 3 4 5 5 5 4 1 1 1 1 1 1 1 
1 1 1 1 1 1 1 1 1 1 1 1 1 1 1 1 1 1 1 1 3 3 3 3 1 1 1 1 1 1 1 1 
"Q"
1 1 1 1 1 1 1 1 1 1 1 1 1 1 1 3 3 3 3 3 3 1 1 1 1 1 1 1 1 1 1 1 
1 1 1 1 1 1 1 1 1 1 1 1 1 3 3 5 5 5 5 5 5 5 3 1 1 1 1 1 1 1 1 1 
1 1 1 1 1 1 1 1 1 1 1 3 3 5 2 2 2 2 2 2 2 2 5 5 3 1 1 1 1 1 1 1 
1 1 1 1 1 1 1 1 1 1 3 5 2 2 2 2 2 2 2 2 2 2 2 2 5 5 1 1 1 1 1 1 
1 1 1 1 1 1 1 1 1 3 2 2 2 2 2 5 5 5 5 5 5 2 2 2 2 2 4 1 1 1 1 1 
1 1 1 1 1 1 1 1 1 4 2 2 2 5 5 3 3 3 3 3 3 3 5 2 2 2 5 1 1 1 1 1 
1 1 1 1 1 1 1 1 3 2 2 5 5 3 1 1 1 1 1 1 1 1 3 3 5 2 2 4 1 1 1 1 
1 1 1 1 1 1 1 1 3 2 5 3 1 1 1 1 1 1 1 1 1 1 1 1 3 4 2 5 1 1 1 1 
1 1 1 1 1 1 1 1 3 2 5 1 3 3 4 1 1 1 1 1 1 1 1 1 1 3 2 5 1 1 1 1 
1 1 1 1 1 1 1 1 3 2 5 3 5 2 5 1 1 1 1 1 1 1 1 1 1 4 2 5 1 1 1 1 
1 1 1 1 1 1 1 1 3 2 2 2 2 2 4 1 1 1 1 1 1 1 1 1 3 2 2 5 1 1 1 1 
1 1 1 1 1 1 1 3 4 2 2 2 2 2 3 1 1 1 1 1 1 1 3 3 2 2 2 4 1 1 1 1 
1 1 1 1 1 1 3 5 2 2 2 2 2 2 5 3 3 3 3 3 3 3 5 2 2 2 5 1 1 1 1 1 
1 1 1 1 1 1 3 2 2 5 2 2 2 2 2 5 5 5 5 5 5 2 2 2 2 2 4 1 1 1 1 1 
1 1 1 1 1 1 3 2 5 3 3 2 2 2 2 2 2 2 2 2 2 2 2 2 5 5 1 1 1 1 1 1 
1 1 1 1 1 1 3 5 1 1 1 3 5 5 2 2 2 2 2 2 2 2 5 5 3 1 1 1 1 1 1 1 
1 1 1 1 1 1 1 1 1 1 1 1 3 3 3 5 5 5 5 5 5 5 3 1 1 1 1 1 1 1 1 1 
1 1 1 1 1 1 1 1 1 1 1 1 1 1 1 3 3 3 3 3 3 1 1 1 1 1 1 1 1 1 1 1 
"R"
1 1 1 1 1 1 1 1 1 3 3 3 3 3 3 3 3 3 3 3 3 3 3 3 3 3 3 1 1 1 1 1 
1 1 1 1 1 1 1 1 3 5 5 5 5 5 5 5 5 5 5 5 5 5 5 5 5 5 5 4 1 1 1 1 
1 1 1 1 1 1 1 1 3 2 2 2 2 2 2 2 2 2 2 2 2 2 2 2 2 2 2 5 1 1 1 1 
1 1 1 1 1 1 1 1 3 5 5 5 5 5 5 2 2 2 2 2 5 5 5 5 5 2 2 5 1 1 1 1 
1 1 1 1 1 1 1 1 1 3 3 3 3 3 3 4 2 2 2 5 3 3 3 3 3 4 2 5 1 1 1 1 
1 1 1 1 1 1 1 1 1 1 1 1 1 3 4 2 2 2 2 5 1 1 1 1 1 3 2 5 1 1 1 1 
1 1 1 1 1 1 1 1 1 1 1 1 3 4 2 2 2 2 2 5 1 1 1 1 1 3 2 5 1 1 1 1 
1 1 1 1 1 1 1 1 1 1 1 3 5 2 2 5 4 2 2 5 1 1 1 1 1 3 2 5 1 1 1 1 
1 1 1 1 1 1 1 1 1 1 3 5 2 5 5 3 3 2 2 5 3 1 1 1 3 5 2 5 1 1 1 1 
1 1 1 1 1 1 1 1 1 4 2 2 5 4 1 1 3 5 2 2 5 3 3 3 4 2 2 4 1 1 1 1 
1 1 1 1 1 1 1 1 3 2 2 5 4 1 1 1 1 3 2 2 2 5 5 5 2 2 5 3 1 1 1 1 
1 1 1 1 1 1 1 1 3 2 5 3 1 1 1 1 1 1 4 5 2 2 2 2 5 5 3 1 1 1 1 1 
1 1 1 1 1 1 1 1 3 5 3 1 1 1 1 1 1 1 3 3 4 5 5 5 4 3 1 1 1 1 1 1 
1 1 1 1 1 1 1 1 1 1 1 1 1 1 1 1 1 1 1 1 3 3 3 3 1 1 1 1 1 1 1 1 
"S"
1 1 1 1 1 1 1 1 1 1 1 1 1 1 1 1 1 1 1 1 1 3 3 3 3 1 1 1 1 1 1 1 
1 1 1 1 1 1 1 1 1 3 4 4 1 1 1 1 1 1 1 1 3 4 5 5 5 4 1 1 1 1 1 1 
1 1 1 1 1 1 1 1 1 3 2 5 4 1 1 1 1 1 1 4 5 2 2 2 2 5 5 3 1 1 1 1 
1 1 1 1 1 1 1 1 1 4 2 5 4 1 1 1 1 1 3 2 2 2 5 5 5 2 2 5 1 1 1 1 
1 1 1 1 1 1 1 1 3 2 2 5 1 1 1 1 1 1 4 2 2 5 4 3 3 4 2 5 3 1 1 1 
1 1 1 1 1 1 1 1 3 2 5 3 1 1 1 1 1 3 2 2 2 5 1 1 1 3 4 2 5 1 1 1 
1 1 1 1 1 1 1 1 3 2 5 1 1 1 1 1 1 3 2 2 5 3 1 1 1 1 3 2 5 1 1 1 
1 1 1 1 1 1 1 1 3 2 5 1 1 1 1 1 3 5 2 2 5 1 1 1 1 1 3 2 5 1 1 1 
1 1 1 1 1 1 1 1 3 2 5 1 1 1 1 1 3 2 2 2 5 1 1 1 1 1 4 2 5 1 1 1 
1 1 1 1 1 1 1 1 3 2 5 3 1 1 1 3 4 2 2 5 3 1 1 1 1 3 2 2 5 1 1 1 
1 1 1 1 1 1 1 1 3 4 2 5 3 3 3 4 2 2 2 5 1 1 1 1 1 4 2 2 5 1 1 1 
1 1 1 1 1 1 1 1 1 3 2 2 5 5 5 2 2 2 5 3 1 1 1 1 3 2 2 5 3 1 1 1 
1 1 1 1 1 1 1 1 1 1 3 5 2 2 2 2 2 5 4 1 1 1 1 1 3 4 5 5 1 1 1 1 
1 1 1 1 1 1 1 1 1 1 1 3 4 5 5 5 4 3 1 1 1 1 1 1 1 3 3 3 1 1 1 1 
1 1 1 1 1 1 1 1 1 1 1 1 3 3 3 3 1 1 1 1 1 1 1 1 1 1 1 1 1 1 1 1 
"T"
1 1 1 1 1 1 1 1 1 1 1 1 1 1 1 1 1 1 1 1 1 1 1 1 1 1 3 1 1 1 1 1 
1 1 1 1 1 1 1 1 1 1 1 1 1 1 1 1 1 1 1 1 1 1 1 1 1 3 5 4 1 1 1 1 
1 1 1 1 1 1 1 1 1 1 1 1 1 1 1 1 1 1 1 1 1 1 1 1 1 3 2 5 1 1 1 1 
1 1 1 1 1 1 1 1 1 1 1 1 1 1 1 1 1 1 1 1 1 1 1 1 1 3 2 5 1 1 1 1 
1 1 1 1 1 1 1 1 1 1 1 1 1 1 1 1 1 1 1 1 1 1 1 1 1 3 2 5 1 1 1 1 
1 1 1 1 1 1 1 1 1 3 3 3 3 3 3 3 3 3 3 3 3 3 3 3 3 4 2 5 1 1 1 1 
1 1 1 1 1 1 1 1 3 5 5 5 5 5 5 5 5 5 5 5 5 5 5 5 5 2 2 5 1 1 1 1 
1 1 1 1 1 1 1 1 3 2 2 2 2 2 2 2 2 2 2 2 2 2 2 2 2 2 2 5 1 1 1 1 
1 1 1 1 1 1 1 1 3 5 5 5 5 5 5 5 5 5 5 5 5 5 5 5 5 2 2 5 1 1 1 1 
1 1 1 1 1 1 1 1 1 3 3 3 3 3 3 3 3 3 3 3 3 3 3 3 3 4 2 5 1 1 1 1 
1 1 1 1 1 1 1 1 1 1 1 1 1 1 1 1 1 1 1 1 1 1 1 1 1 3 2 5 1 1 1 1 
1 1 1 1 1 1 1 1 1 1 1 1 1 1 1 1 1 1 1 1 1 1 1 1 1 3 2 5 1 1 1 1 
1 1 1 1 1 1 1 1 1 1 1 1 1 1 1 1 1 1 1 1 1 1 1 1 1 3 2 5 1 1 1 1 
1 1 1 1 1 1 1 1 1 1 1 1 1 1 1 1 1 1 1 1 1 1 1 1 1 3 5 4 1 1 1 1 
1 1 1 1 1 1 1 1 1 1 1 1 1 1 1 1 1 1 1 1 1 1 1 1 1 1 3 1 1 1 1 1 
"U"
1 1 1 1 1 1 1 1 1 1 1 1 3 3 3 3 3 3 3 3 3 3 3 3 3 3 3 1 1 1 1 1 
1 1 1 1 1 1 1 1 1 1 1 3 5 5 5 5 5 5 5 5 5 5 5 5 5 5 5 4 1 1 1 1 
1 1 1 1 1 1 1 1 1 1 3 2 2 2 2 2 2 2 2 2 2 2 2 2 2 2 2 5 1 1 1 1 
1 1 1 1 1 1 1 1 1 3 2 2 5 5 5 5 5 5 5 5 5 5 5 5 5 5 5 4 1 1 1 1 
1 1 1 1 1 1 1 1 3 2 2 5 3 3 3 3 3 3 3 3 3 3 3 3 3 3 3 1 1 1 1 1 
1 1 1 1 1 1 1 1 3 2 5 1 1 1 1 1 1 1 1 1 1 1 1 1 1 1 1 1 1 1 1 1 
1 1 1 1 1 1 1 1 3 2 5 1 1 1 1 1 1 1 1 1 1 1 1 1 1 1 1 1 1 1 1 1 
1 1 1 1 1 1 1 1 3 2 5 1 1 1 1 1 1 1 1 1 1 1 1 1 1 1 1 1 1 1 1 1 
1 1 1 1 1 1 1 1 3 2 5 1 1 1 1 1 1 1 1 1 1 1 1 1 1 1 1 1 1 1 1 1 
1 1 1 1 1 1 1 1 3 2 5 1 1 1 1 1 1 1 1 1 1 1 1 1 1 1 1 1 1 1 1 1 
1 1 1 1 1 1 1 1 3 2 2 4 1 1 1 1 1 1 1 1 1 1 1 1 1 1 1 1 1 1 1 1 
1 1 1 1 1 1 1 1 1 4 2 5 3 3 3 3 3 3 3 3 3 3 3 3 3 3 3 1 1 1 1 1 
1 1 1 1 1 1 1 1 1 3 2 2 5 5 5 5 5 5 5 5 5 5 5 5 5 5 5 4 1 1 1 1 
1 1 1 1 1 1 1 1 1 1 3 2 2 2 2 2 2 2 2 2 2 2 2 2 2 2 2 5 1 1 1 1 
1 1 1 1 1 1 1 1 1 1 1 3 5 5 5 5 5 5 5 5 5 5 5 5 5 5 5 4 1 1 1 1 
1 1 1 1 1 1 1 1 1 1 1 1 3 3 3 3 3 3 3 3 3 3 3 3 3 3 3 1 1 1 1 1 
"V"
1 1 1 1 1 1 1 1 1 1 1 1 1 1 1 1 1 1 1 1 1 1 1 1 3 3 4 4 1 1 1 1 
1 1 1 1 1 1 1 1 1 1 1 1 1 1 1 1 1 1 1 1 1 3 3 4 5 5 2 5 1 1 1 1 
1 1 1 1 1 1 1 1 1 1 1 1 1 1 1 1 1 1 3 3 4 5 5 2 2 2 2 5 1 1 1 1 
1 1 1 1 1 1 1 1 1 1 1 1 1 1 1 3 3 4 5 5 2 2 2 2 5 5 4 3 1 1 1 1 
1 1 1 1 1 1 1 1 1 1 1 1 3 3 4 5 5 2 2 2 5 5 5 4 3 3 1 1 1 1 1 1 
1 1 1 1 1 1 1 1 1 3 3 4 5 5 2 2 2 5 5 4 4 3 3 1 1 1 1 1 1 1 1 1 
1 1 1 1 1 1 1 1 3 5 5 2 2 2 5 5 4 4 3 1 1 1 1 1 1 1 1 1 1 1 1 1 
1 1 1 1 1 1 1 1 3 2 2 2 2 5 4 3 1 1 1 1 1 1 1 1 1 1 1 1 1 1 1 1 
1 1 1 1 1 1 1 1 3 2 2 2 2 4 3 3 1 1 1 1 1 1 1 1 1 1 1 1 1 1 1 1 
1 1 1 1 1 1 1 1 3 5 2 2 2 2 5 5 4 3 3 1 1 1 1 1 1 1 1 1 1 1 1 1 
1 1 1 1 1 1 1 1 1 3 4 5 5 2 2 2 2 5 5 4 3 3 1 1 1 1 1 1 1 1 1 1 
1 1 1 1 1 1 1 1 1 1 1 3 3 4 5 5 2 2 2 2 5 5 4 3 3 1 1 1 1 1 1 1 
1 1 1 1 1 1 1 1 1 1 1 1 1 1 3 3 4 5 5 2 2 2 2 5 5 4 3 1 1 1 1 1 
1 1 1 1 1 1 1 1 1 1 1 1 1 1 1 1 1 3 3 4 5 5 2 2 2 2 5 4 1 1 1 1 
1 1 1 1 1 1 1 1 1 1 1 1 1 1 1 1 1 1 1 1 3 3 4 4 5 2 2 5 1 1 1 1 
1 1 1 1 1 1 1 1 1 1 1 1 1 1 1 1 1 1 1 1 1 1 1 3 3 4 4 4 1 1 1 1 
1 1 1 1 1 1 1 1 1 1 1 1 1 1 1 1 1 1 1 1 1 1 1 1 1 1 3 1 1 1 1 1 
"W"
1 1 1 1 1 1 1 1 1 1 1 1 1 1 1 1 1 1 1 1 1 1 1 1 1 1 3 1 1 1 1 1 
1 1 1 1 1 1 1 1 1 1 1 1 1 1 1 1 1 1 1 1 1 1 3 3 3 4 4 4 1 1 1 1 
1 1 1 1 1 1 1 1 1 1 1 1 1 1 1 1 1 3 3 3 3 4 4 5 5 2 2 5 1 1 1 1 
1 1 1 1 1 1 1 1 1 1 1 1 1 3 3 3 4 4 5 5 5 2 2 2 2 2 2 5 1 1 1 1 
1 1 1 1 1 1 1 1 1 3 3 3 4 4 5 5 2 2 2 2 2 2 2 2 2 5 5 4 1 1 1 1 
1 1 1 1 1 1 1 1 3 5 5 5 2 2 2 2 2 2 2 2 5 5 5 5 4 4 3 1 1 1 1 1 
1 1 1 1 1 1 1 1 3 2 2 2 2 2 2 2 5 5 5 4 4 3 3 3 1 1 1 1 1 1 1 1 
1 1 1 1 1 1 1 1 3 2 2 2 2 2 2 5 4 3 3 1 1 1 1 1 1 1 1 1 1 1 1 1 
1 1 1 1 1 1 1 1 3 5 2 2 2 2 2 5 4 3 3 1 1 1 1 1 1 1 1 1 1 1 1 1 
1 1 1 1 1 1 1 1 1 3 4 5 5 2 2 2 2 5 5 4 4 3 3 1 1 1 1 1 1 1 1 1 
1 1 1 1 1 1 1 1 1 1 1 3 3 4 4 5 5 2 2 2 5 5 5 3 1 1 1 1 1 1 1 1 
1 1 1 1 1 1 1 1 1 1 1 1 1 1 3 3 3 4 5 2 2 2 2 5 1 1 1 1 1 1 1 1 
1 1 1 1 1 1 1 1 1 1 1 1 1 1 1 3 3 3 5 2 2 2 2 5 3 1 1 1 1 1 1 1 
1 1 1 1 1 1 1 1 1 1 1 1 3 3 4 4 5 5 2 2 2 2 5 5 1 1 1 1 1 1 1 1 
1 1 1 1 1 1 1 1 1 3 3 4 4 5 2 2 2 2 5 5 5 4 3 1 1 1 1 1 1 1 1 1 
1 1 1 1 1 1 1 1 3 5 5 2 2 2 2 5 5 4 4 3 3 1 1 1 1 1 1 1 1 1 1 1 
1 1 1 1 1 1 1 1 3 2 2 2 2 2 5 4 3 1 1 1 1 1 1 1 1 1 1 1 1 1 1 1 
1 1 1 1 1 1 1 1 3 2 2 2 2 2 5 4 3 3 3 1 1 1 1 1 1 1 1 1 1 1 1 1 
1 1 1 1 1 1 1 1 3 5 5 2 2 2 2 2 5 5 5 4 4 3 3 1 1 1 1 1 1 1 1 1 
1 1 1 1 1 1 1 1 1 3 3 4 4 5 5 2 2 2 2 2 5 5 5 4 4 3 3 1 1 1 1 1 
1 1 1 1 1 1 1 1 1 1 1 1 3 3 3 4 4 5 5 5 2 2 2 2 5 5 5 4 1 1 1 1 
1 1 1 1 1 1 1 1 1 1 1 1 1 1 1 1 3 3 3 3 4 5 5 5 2 2 2 5 1 1 1 1 
1 1 1 1 1 1 1 1 1 1 1 1 1 1 1 1 1 1 1 1 1 3 3 3 4 4 5 5 1 1 1 1 
1 1 1 1 1 1 1 1 1 1 1 1 1 1 1 1 1 1 1 1 1 1 1 1 1 3 3 3 1 1 1 1 
"X"
1 1 1 1 1 1 1 1 3 5 3 1 1 1 1 1 1 1 1 1 1 1 1 1 1 1 1 1 1 1 1 1 
1 1 1 1 1 1 1 1 3 2 5 5 3 1 1 1 1 1 1 1 1 1 1 1 1 1 3 1 1 1 1 1 
1 1 1 1 1 1 1 1 3 2 2 2 5 5 1 1 1 1 1 1 1 1 1 1 3 3 5 4 1 1 1 1 
1 1 1 1 1 1 1 1 3 5 2 2 2 2 5 3 1 1 1 1 1 1 1 3 5 2 2 5 1 1 1 1 
1 1 1 1 1 1 1 1 1 3 3 5 5 2 2 5 5 3 1 1 1 3 3 2 2 2 5 4 1 1 1 1 
1 1 1 1 1 1 1 1 1 1 1 3 3 3 5 2 2 5 5 3 3 5 2 2 5 5 3 1 1 1 1 1 
1 1 1 1 1 1 1 1 1 1 1 1 1 1 3 3 5 2 2 5 2 2 5 5 3 1 1 1 1 1 1 1 
1 1 1 1 1 1 1 1 1 1 1 1 1 1 1 3 4 4 2 2 2 2 3 1 1 1 1 1 1 1 1 1 
1 1 1 1 1 1 1 1 1 1 1 1 1 1 3 3 5 2 2 2 2 2 5 3 1 1 1 1 1 1 1 1 
1 1 1 1 1 1 1 1 1 1 1 1 3 3 5 2 2 2 5 5 5 2 2 5 5 3 1 1 1 1 1 1 
1 1 1 1 1 1 1 1 1 1 3 3 5 2 2 2 5 5 3 3 3 3 2 2 2 5 5 1 1 1 1 1 
1 1 1 1 1 1 1 1 1 3 5 2 2 2 5 5 3 1 1 1 1 1 3 5 2 2 2 4 1 1 1 1 
1 1 1 1 1 1 1 1 3 2 2 2 5 5 3 1 1 1 1 1 1 1 1 3 3 5 2 5 1 1 1 1 
1 1 1 1 1 1 1 1 3 2 2 5 3 1 1 1 1 1 1 1 1 1 1 1 1 3 3 4 1 1 1 1 
1 1 1 1 1 1 1 1 3 5 5 1 1 1 1 1 1 1 1 1 1 1 1 1 1 1 1 1 1 1 1 1 
1 1 1 1 1 1 1 1 1 3 1 1 1 1 1 1 1 1 1 1 1 1 1 1 1 1 1 1 1 1 1 1 
"Y"
1 1 1 1 1 1 1 1 1 1 1 1 1 1 1 1 1 1 1 1 1 1 1 1 1 3 3 4 1 1 1 1 
1 1 1 1 1 1 1 1 1 1 1 1 1 1 1 1 1 1 1 1 1 1 1 3 3 5 2 5 1 1 1 1 
1 1 1 1 1 1 1 1 1 1 1 1 1 1 1 1 1 1 1 1 1 3 3 4 2 2 2 5 1 1 1 1 
1 1 1 1 1 1 1 1 1 1 1 1 1 1 1 1 1 1 1 3 3 4 5 2 2 5 5 3 1 1 1 1 
1 1 1 1 1 1 1 1 1 1 1 1 1 1 1 1 1 3 3 4 5 2 2 5 5 4 3 1 1 1 1 1 
1 1 1 1 1 1 1 1 1 3 3 3 3 3 3 3 3 4 5 2 2 5 5 4 3 1 1 1 1 1 1 1 
1 1 1 1 1 1 1 1 3 5 5 5 5 5 5 5 5 2 2 2 5 4 3 1 1 1 1 1 1 1 1 1 
1 1 1 1 1 1 1 1 3 2 2 2 2 2 2 2 2 2 2 2 4 1 1 1 1 1 1 1 1 1 1 1 
1 1 1 1 1 1 1 1 3 5 5 5 5 5 5 5 5 2 2 2 5 4 3 1 1 1 1 1 1 1 1 1 
1 1 1 1 1 1 1 1 1 3 3 3 3 3 3 3 3 4 5 2 2 5 5 4 3 1 1 1 1 1 1 1 
1 1 1 1 1 1 1 1 1 1 1 1 1 1 1 1 1 3 3 4 5 2 2 5 5 4 3 1 1 1 1 1 
1 1 1 1 1 1 1 1 1 1 1 1 1 1 1 1 1 1 1 3 3 4 5 2 2 5 5 3 1 1 1 1 
1 1 1 1 1 1 1 1 1 1 1 1 1 1 1 1 1 1 1 1 1 3 3 4 5 2 2 5 1 1 1 1 
1 1 1 1 1 1 1 1 1 1 1 1 1 1 1 1 1 1 1 1 1 1 1 3 3 5 2 5 1 1 1 1 
1 1 1 1 1 1 1 1 1 1 1 1 1 1 1 1 1 1 1 1 1 1 1 1 1 3 3 4 1 1 1 1 
"Z" 90
2 2 2 2 2 2 2 2 2 3 4 3 2 2 2 2 2 2 2 2 2 2 2 2 2 2 2 2 2 2 2 2 2 2 2 2 
2 2 2 2 2 2 2 2 3 6 7 6 5 3 2 2 2 2 2 2 2 2 2 2 2 2 2 4 4 3 2 2 2 2 2 2 
2 2 2 2 2 2 2 2 4 7 8 8 8 6 4 2 2 2 2 2 2 2 2 2 2 2 4 7 7 4 2 2 2 2 2 2 
2 2 2 2 2 2 2 2 4 7 8 8 8 8 7 5 3 2 2 2 2 2 2 2 2 2 4 7 8 4 2 2 2 2 2 2 
2 2 2 2 2 2 2 2 4 7 8 6 6 8 8 8 6 4 3 2 2 2 2 2 2 2 4 7 8 4 2 2 2 2 2 2 
2 2 2 2 2 2 2 2 4 7 8 5 3 5 7 8 8 8 6 4 2 2 2 2 2 2 4 7 8 4 2 2 2 2 2 2 
2 2 2 2 2 2 2 2 4 7 8 4 2 2 4 6 7 8 8 7 5 3 2 2 2 2 4 7 8 4 2 2 2 2 2 2 
2 2 2 2 2 2 2 2 4 7 8 4 2 2 2 2 4 6 8 8 8 6 4 3 2 2 4 7 8 4 2 2 2 2 2 2 
2 2 2 2 2 2 2 2 4 7 8 4 2 2 2 2 2 3 5 7 8 8 8 6 4 2 4 7 8 4 2 2 2 2 2 2 
2 2 2 2 2 2 2 2 4 7 8 4 2 2 2 2 2 2 2 4 6 7 8 8 7 5 5 7 8 4 2 2 2 2 2 2 
2 2 2 2 2 2 2 2 4 7 8 4 2 2 2 2 2 2 2 2 2 4 6 8 8 8 7 8 8 4 2 2 2 2 2 2 
2 2 2 2 2 2 2 2 4 7 8 4 2 2 2 2 2 2 2 2 2 2 3 5 7 8 8 8 8 4 2 2 2 2 2 2 
2 2 2 2 2 2 2 2 4 7 8 4 2 2 2 2 2 2 2 2 2 2 2 2 4 6 7 8 7 4 2 2 2 2 2 2 
2 2 2 2 2 2 2 2 3 6 6 4 2 2 2 2 2 2 2 2 2 2 2 2 2 2 4 4 4 3 2 2 2 2 2 2 
2 2 2 2 2 2 2 2 2 3 3 2 2 2 2 2 2 2 2 2 2 2 2 2 2 2 2 2 2 2 2 2 2 2 2 2 
"[" 91
"\" 92
"]" 93
"^" 94
"_" 95
"`" 96
"a" 97
1 1 1 1 1 1 1 1 1 1 1 3 3 3 3 1 1 1 1 1 1 1 1 1 1 1 1 1 1 1 1 1 
1 1 1 1 1 1 1 1 1 1 3 4 5 5 5 3 1 1 1 1 1 1 1 1 1 1 1 1 1 1 1 1 
1 1 1 1 1 1 1 1 1 3 5 2 2 2 2 5 3 1 1 1 1 1 1 1 1 1 1 1 1 1 1 1 
1 1 1 1 1 1 1 1 3 4 2 2 5 5 2 2 5 3 1 1 3 4 3 1 1 1 1 1 1 1 1 1 
1 1 1 1 1 1 1 1 3 2 2 5 3 3 4 2 2 4 1 1 3 5 5 4 1 1 1 1 1 1 1 1 
1 1 1 1 1 1 1 1 3 2 5 3 1 1 3 5 2 5 1 1 3 5 2 5 1 1 1 1 1 1 1 1 
1 1 1 1 1 1 1 1 3 2 5 1 1 1 1 4 2 5 1 1 1 3 2 5 1 1 1 1 1 1 1 1 
1 1 1 1 1 1 1 1 3 2 5 3 1 1 1 3 2 5 1 1 1 3 2 5 1 1 1 1 1 1 1 1 
1 1 1 1 1 1 1 1 3 2 2 5 3 3 3 4 2 5 3 3 3 5 2 5 1 1 1 1 1 1 1 1 
1 1 1 1 1 1 1 1 3 2 2 2 5 5 5 2 2 2 5 5 5 2 5 4 1 1 1 1 1 1 1 1 
1 1 1 1 1 1 1 1 3 2 2 2 2 2 2 2 2 2 2 2 2 5 5 1 1 1 1 1 1 1 1 1 
1 1 1 1 1 1 1 1 3 5 5 5 5 5 5 5 5 5 5 5 4 4 1 1 1 1 1 1 1 1 1 1 
1 1 1 1 1 1 1 1 1 3 3 3 3 3 3 3 3 3 3 3 1 1 1 1 1 1 1 1 1 1 1 1 
"b"
1 1 1 1 1 1 1 1 1 3 3 3 3 3 3 3 3 3 3 3 3 3 3 3 3 3 3 3 3 1 1 1 
1 1 1 1 1 1 1 1 3 5 5 5 5 5 5 5 5 5 5 5 5 5 5 5 5 5 5 5 5 4 1 1 
1 1 1 1 1 1 1 1 3 2 2 2 2 2 2 2 2 2 2 2 2 2 2 2 2 2 2 2 2 5 1 1 
1 1 1 1 1 1 1 1 3 2 2 2 5 5 5 5 5 5 5 5 2 2 2 5 5 5 5 5 5 4 1 1 
1 1 1 1 1 1 1 1 3 2 2 5 3 3 3 3 3 3 3 3 3 2 2 4 3 3 3 3 3 1 1 1 
1 1 1 1 1 1 1 1 3 2 5 3 1 1 1 1 1 1 1 1 3 4 2 5 1 1 1 1 1 1 1 1 
1 1 1 1 1 1 1 1 3 2 5 1 1 1 1 1 1 1 1 1 1 3 2 5 1 1 1 1 1 1 1 1 
1 1 1 1 1 1 1 1 3 2 5 1 1 1 1 1 1 1 1 1 1 3 2 5 1 1 1 1 1 1 1 1 
1 1 1 1 1 1 1 1 3 2 2 5 3 1 1 1 1 1 1 1 3 5 2 5 1 1 1 1 1 1 1 1 
1 1 1 1 1 1 1 1 3 5 2 2 5 4 3 3 3 3 3 4 5 2 5 3 1 1 1 1 1 1 1 1 
1 1 1 1 1 1 1 1 1 3 5 2 2 5 5 5 5 5 5 2 2 2 5 1 1 1 1 1 1 1 1 1 
1 1 1 1 1 1 1 1 1 1 3 4 5 2 2 2 2 2 2 2 5 4 1 1 1 1 1 1 1 1 1 1 
1 1 1 1 1 1 1 1 1 1 1 3 3 4 4 5 5 5 5 4 3 1 1 1 1 1 1 1 1 1 1 1 
1 1 1 1 1 1 1 1 1 1 1 1 1 1 3 3 3 3 3 1 1 1 1 1 1 1 1 1 1 1 1 1 
"c"
1 1 1 1 1 1 1 1 1 1 1 1 1 3 3 3 3 3 1 1 1 1 1 1 1 1 1 1 1 1 1 1 
1 1 1 1 1 1 1 1 1 1 1 3 3 4 5 5 5 5 4 4 3 1 1 1 1 1 1 1 1 1 1 1 
1 1 1 1 1 1 1 1 1 1 3 4 5 2 2 2 2 2 2 5 5 3 1 1 1 1 1 1 1 1 1 1 
1 1 1 1 1 1 1 1 1 3 5 2 2 5 5 5 5 5 5 2 2 5 4 1 1 1 1 1 1 1 1 1 
1 1 1 1 1 1 1 1 1 4 2 5 4 3 3 3 3 3 3 4 5 2 5 3 1 1 1 1 1 1 1 1 
1 1 1 1 1 1 1 1 3 2 2 4 1 1 1 1 1 1 1 1 3 5 2 5 1 1 1 1 1 1 1 1 
1 1 1 1 1 1 1 1 3 2 5 1 1 1 1 1 1 1 1 1 1 3 2 5 1 1 1 1 1 1 1 1 
1 1 1 1 1 1 1 1 3 2 5 1 1 1 1 1 1 1 1 1 1 4 2 5 1 1 1 1 1 1 1 1 
1 1 1 1 1 1 1 1 3 2 5 3 1 1 1 1 1 1 1 1 3 2 2 5 1 1 1 1 1 1 1 1 
1 1 1 1 1 1 1 1 3 2 2 5 1 1 1 1 1 1 1 3 5 2 2 4 1 1 1 1 1 1 1 1 
1 1 1 1 1 1 1 1 3 4 2 5 1 1 1 1 1 1 1 3 5 2 5 3 1 1 1 1 1 1 1 1 
1 1 1 1 1 1 1 1 1 3 5 3 1 1 1 1 1 1 1 1 4 5 4 1 1 1 1 1 1 1 1 1 
1 1 1 1 1 1 1 1 1 1 3 1 1 1 1 1 1 1 1 1 1 3 1 1 1 1 1 1 1 1 1 1 
"d"
1 1 1 1 1 1 1 1 1 1 1 1 1 3 3 3 3 3 1 1 1 1 1 1 1 1 1 1 1 1 1 1 
1 1 1 1 1 1 1 1 1 1 1 3 4 4 5 5 5 5 4 4 3 1 1 1 1 1 1 1 1 1 1 1 
1 1 1 1 1 1 1 1 1 1 3 5 2 2 2 2 2 2 2 5 5 4 1 1 1 1 1 1 1 1 1 1 
1 1 1 1 1 1 1 1 1 3 2 2 2 5 5 5 5 5 5 2 2 5 5 1 1 1 1 1 1 1 1 1 
1 1 1 1 1 1 1 1 3 5 2 5 4 3 3 3 3 3 3 4 5 2 5 3 1 1 1 1 1 1 1 1 
1 1 1 1 1 1 1 1 3 2 5 4 1 1 1 1 1 1 1 3 3 5 2 5 1 1 1 1 1 1 1 1 
1 1 1 1 1 1 1 1 3 2 5 1 1 1 1 1 1 1 1 1 1 4 2 5 1 1 1 1 1 1 1 1 
1 1 1 1 1 1 1 1 3 2 5 1 1 1 1 1 1 1 1 1 1 3 2 5 1 1 1 1 1 1 1 1 
1 1 1 1 1 1 1 1 3 2 5 3 1 1 1 1 1 1 1 1 3 4 2 5 1 1 1 1 1 1 1 1 
1 1 1 1 1 1 1 1 3 5 2 5 3 3 3 3 3 3 3 3 3 2 2 4 3 3 3 3 3 1 1 1 
1 1 1 1 1 1 1 1 3 2 2 2 5 5 5 5 5 5 5 5 2 2 2 5 5 5 5 5 5 4 1 1 
1 1 1 1 1 1 1 1 3 2 2 2 2 2 2 2 2 2 2 2 2 2 2 2 2 2 2 2 2 5 1 1 
1 1 1 1 1 1 1 1 3 5 5 5 5 5 5 5 5 5 5 5 5 5 5 5 5 5 5 5 5 4 1 1 
1 1 1 1 1 1 1 1 1 3 3 3 3 3 3 3 3 3 3 3 3 3 3 3 3 3 3 3 3 1 1 1 
"e"
1 1 1 1 1 1 1 1 1 1 1 1 1 1 3 3 3 3 1 1 1 1 1 1 1 1 1 1 1 1 1 1 
1 1 1 1 1 1 1 1 1 1 1 3 3 4 5 5 5 5 4 4 3 1 1 1 1 1 1 1 1 1 1 1 
1 1 1 1 1 1 1 1 1 1 3 4 5 2 2 2 2 2 2 5 5 4 1 1 1 1 1 1 1 1 1 1 
1 1 1 1 1 1 1 1 1 3 5 2 2 5 5 2 2 2 5 2 2 5 4 1 1 1 1 1 1 1 1 1 
1 1 1 1 1 1 1 1 3 4 2 5 4 3 3 4 2 5 3 3 5 2 5 3 1 1 1 1 1 1 1 1 
1 1 1 1 1 1 1 1 3 2 5 4 1 1 1 3 2 5 1 1 3 5 2 5 1 1 1 1 1 1 1 1 
1 1 1 1 1 1 1 1 3 2 5 1 1 1 1 3 2 5 1 1 1 4 2 5 1 1 1 1 1 1 1 1 
1 1 1 1 1 1 1 1 3 2 5 1 1 1 1 3 2 5 1 1 3 4 2 5 1 1 1 1 1 1 1 1 
1 1 1 1 1 1 1 1 3 2 5 3 1 1 1 3 2 5 3 3 4 2 2 5 1 1 1 1 1 1 1 1 
1 1 1 1 1 1 1 1 3 2 2 5 1 1 1 3 2 5 4 5 2 2 5 3 1 1 1 1 1 1 1 1 
1 1 1 1 1 1 1 1 3 4 2 5 1 1 1 3 2 2 2 2 2 2 5 1 1 1 1 1 1 1 1 1 
1 1 1 1 1 1 1 1 1 3 5 5 1 1 1 3 2 2 2 2 5 5 1 1 1 1 1 1 1 1 1 1 
1 1 1 1 1 1 1 1 1 1 3 3 1 1 1 3 5 5 5 5 4 1 1 1 1 1 1 1 1 1 1 1 
1 1 1 1 1 1 1 1 1 1 1 1 1 1 1 1 3 3 3 3 1 1 1 1 1 1 1 1 1 1 1 1 
"f"
1 1 1 1 1 1 1 1 1 1 1 1 1 1 1 1 1 1 1 1 1 1 3 1 1 1 1 1 1 1 1 1 
1 1 1 1 1 1 1 1 1 1 1 1 1 1 1 1 1 1 1 1 1 3 5 4 1 1 1 1 1 1 1 1 
1 1 1 1 1 1 1 1 1 3 3 3 3 3 3 3 3 3 3 3 3 4 2 5 3 3 3 1 1 1 1 1 
1 1 1 1 1 1 1 1 3 5 5 5 5 5 5 5 5 5 5 5 5 2 2 2 5 5 5 4 1 1 1 1 
1 1 1 1 1 1 1 1 3 2 2 2 2 2 2 2 2 2 2 2 2 2 2 2 2 2 2 5 5 1 1 1 
1 1 1 1 1 1 1 1 3 5 5 5 5 5 5 5 5 5 5 5 5 2 2 2 5 5 5 2 2 4 1 1 
1 1 1 1 1 1 1 1 1 3 3 3 3 3 3 3 3 3 3 3 3 4 2 5 3 3 3 5 2 5 1 1 
1 1 1 1 1 1 1 1 1 1 1 1 1 1 1 1 1 1 1 1 1 3 2 5 1 1 1 4 2 5 1 1 
1 1 1 1 1 1 1 1 1 1 1 1 1 1 1 1 1 1 1 1 1 3 2 5 1 1 1 4 2 5 1 1 
1 1 1 1 1 1 1 1 1 1 1 1 1 1 1 1 1 1 1 1 1 3 5 4 1 1 1 4 2 5 1 1 
1 1 1 1 1 1 1 1 1 1 1 1 1 1 1 1 1 1 1 1 1 1 3 1 1 1 1 3 4 3 1 1 
"g"
1 1 1 1 1 1 1 1 1 1 1 1 1 3 3 3 3 3 1 1 1 1 1 1 1 1 1 1 1 1 1 1 
1 1 1 1 3 3 3 1 1 1 1 3 4 4 5 5 5 5 4 4 3 1 1 1 1 1 1 1 1 1 1 1 
1 1 1 3 5 5 5 1 1 1 3 5 2 2 2 2 2 2 2 5 5 4 1 1 1 1 1 1 1 1 1 1 
1 1 3 2 2 2 5 1 1 3 2 2 2 5 5 5 5 5 5 2 2 5 5 1 1 1 1 1 1 1 1 1 
1 3 5 2 2 5 4 1 3 5 2 5 4 3 3 3 3 3 3 4 5 2 5 3 1 1 1 1 1 1 1 1 
1 3 2 2 5 4 1 1 3 2 5 4 1 1 1 1 1 1 1 3 3 5 2 5 1 1 1 1 1 1 1 1 
1 3 2 5 3 1 1 1 3 2 5 1 1 1 1 1 1 1 1 1 1 4 2 5 1 1 1 1 1 1 1 1 
1 3 2 5 1 1 1 1 3 2 5 1 1 1 1 1 1 1 1 1 1 3 2 5 1 1 1 1 1 1 1 1 
1 3 2 5 3 1 1 1 3 2 5 3 1 1 1 1 1 1 1 1 3 4 2 5 1 1 1 1 1 1 1 1 
1 3 2 2 5 3 3 3 4 2 2 5 3 3 3 3 3 3 3 3 3 2 2 4 1 1 1 1 1 1 1 1 
1 1 4 2 2 5 5 5 2 2 2 2 5 5 5 5 5 5 5 5 2 2 2 5 1 1 1 1 1 1 1 1 
1 1 3 4 2 2 2 2 2 2 2 2 2 2 2 2 2 2 2 2 2 2 2 5 1 1 1 1 1 1 1 1 
1 1 1 3 4 4 5 5 5 5 5 5 5 5 5 5 5 5 5 5 5 5 5 4 1 1 1 1 1 1 1 1 
1 1 1 1 1 3 3 3 3 3 3 3 3 3 3 3 3 3 3 3 3 3 3 1 1 1 1 1 1 1 1 1 
"h"
1 1 1 1 1 1 1 1 1 3 3 3 3 3 3 3 3 3 3 3 3 3 3 3 3 3 3 3 3 1 1 1 
1 1 1 1 1 1 1 1 3 5 5 5 5 5 5 5 5 5 5 5 5 5 5 5 5 5 5 5 5 4 1 1 
1 1 1 1 1 1 1 1 3 2 2 2 2 2 2 2 2 2 2 2 2 2 2 2 2 2 2 2 2 5 1 1 
1 1 1 1 1 1 1 1 3 5 5 5 5 5 5 5 5 5 5 5 2 2 2 5 5 5 5 5 5 4 1 1 
1 1 1 1 1 1 1 1 1 3 3 3 3 3 3 3 3 3 3 3 3 2 5 3 3 3 3 3 3 1 1 1 
1 1 1 1 1 1 1 1 1 1 1 1 1 1 1 1 1 1 1 1 3 5 5 3 1 1 1 1 1 1 1 1 
1 1 1 1 1 1 1 1 1 1 1 1 1 1 1 1 1 1 1 1 1 4 2 5 1 1 1 1 1 1 1 1 
1 1 1 1 1 1 1 1 1 1 1 1 1 1 1 1 1 1 1 1 1 3 2 5 1 1 1 1 1 1 1 1 
1 1 1 1 1 1 1 1 1 1 1 1 1 1 1 1 1 1 1 1 1 3 2 5 1 1 1 1 1 1 1 1 
1 1 1 1 1 1 1 1 1 3 3 3 3 3 3 3 3 3 3 3 3 5 2 5 1 1 1 1 1 1 1 1 
1 1 1 1 1 1 1 1 3 5 5 5 5 5 5 5 5 5 5 5 5 2 2 5 1 1 1 1 1 1 1 1 
1 1 1 1 1 1 1 1 3 2 2 2 2 2 2 2 2 2 2 2 2 2 5 3 1 1 1 1 1 1 1 1 
1 1 1 1 1 1 1 1 3 5 5 5 5 5 5 5 5 5 5 5 5 4 3 1 1 1 1 1 1 1 1 1 
1 1 1 1 1 1 1 1 1 3 3 3 3 3 3 3 3 3 3 3 3 1 1 1 1 1 1 1 1 1 1 1 
"i"
1 1 1 1 1 1 1 1 1 3 3 3 3 3 3 3 3 3 3 3 3 3 3 1 1 1 3 3 3 1 1 1 
1 1 1 1 1 1 1 1 3 5 5 5 5 5 5 5 5 5 5 5 5 5 5 4 1 3 5 5 5 4 1 1 
1 1 1 1 1 1 1 1 3 2 2 2 2 2 2 2 2 2 2 2 2 2 2 5 1 3 2 2 2 5 1 1 
1 1 1 1 1 1 1 1 3 5 5 5 5 5 5 5 5 5 5 5 5 5 5 4 1 3 5 5 5 4 1 1 
1 1 1 1 1 1 1 1 1 3 3 3 3 3 3 3 3 3 3 3 3 3 3 1 1 1 3 3 3 1 1 1 
"j"
1 3 4 3 1 1 1 1 1 1 1 1 1 1 1 1 1 1 1 1 1 1 1 1 1 1 1 1 1 1 1 1 
1 3 2 5 1 1 1 1 1 1 1 1 1 1 1 1 1 1 1 1 1 1 1 1 1 1 1 1 1 1 1 1 
1 3 2 5 1 1 1 1 1 1 1 1 1 1 1 1 1 1 1 1 1 1 1 1 1 1 1 1 1 1 1 1 
1 3 2 5 1 1 1 1 1 1 1 1 1 1 1 1 1 1 1 1 1 1 1 1 1 1 1 1 1 1 1 1 
1 3 2 2 4 3 3 3 3 3 3 3 3 3 3 3 3 3 3 3 3 3 3 1 1 1 3 3 3 1 1 1 
1 3 5 2 2 5 5 5 5 5 5 5 5 5 5 5 5 5 5 5 5 5 5 4 1 3 5 5 5 4 1 1 
1 1 3 5 2 2 2 2 2 2 2 2 2 2 2 2 2 2 2 2 2 2 2 5 1 3 2 2 2 5 1 1 
1 1 1 3 4 4 5 5 5 5 5 5 5 5 5 5 5 5 5 5 5 5 5 4 1 3 5 5 5 4 1 1 
1 1 1 1 1 3 3 3 3 3 3 3 3 3 3 3 3 3 3 3 3 3 3 1 1 1 3 3 3 1 1 1 
"k"
1 1 1 1 1 1 1 1 1 3 3 3 3 3 3 3 3 3 3 3 3 3 3 3 3 3 3 3 3 1 1 1 
1 1 1 1 1 1 1 1 3 5 5 5 5 5 5 5 5 5 5 5 5 5 5 5 5 5 5 5 5 4 1 1 
1 1 1 1 1 1 1 1 3 2 2 2 2 2 2 2 2 2 2 2 2 2 2 2 2 2 2 2 2 5 1 1 
1 1 1 1 1 1 1 1 3 5 5 5 5 5 2 2 2 5 5 5 5 5 5 5 5 5 5 5 5 4 1 1 
1 1 1 1 1 1 1 1 1 3 3 3 3 4 5 2 2 5 3 3 3 3 3 3 3 3 3 3 3 1 1 1 
1 1 1 1 1 1 1 1 1 1 1 1 3 4 2 2 2 5 5 3 1 1 1 1 1 1 1 1 1 1 1 1 
1 1 1 1 1 1 1 1 1 1 1 3 5 2 2 5 5 2 2 5 3 1 1 1 1 1 1 1 1 1 1 1 
1 1 1 1 1 1 1 1 1 1 3 5 2 2 5 3 3 5 2 2 5 4 1 1 1 1 1 1 1 1 1 1 
1 1 1 1 1 1 1 1 1 4 2 2 5 4 1 1 1 3 4 2 2 2 5 3 1 1 1 1 1 1 1 1 
1 1 1 1 1 1 1 1 3 2 2 5 4 1 1 1 1 1 3 3 5 2 2 5 1 1 1 1 1 1 1 1 
1 1 1 1 1 1 1 1 3 2 5 3 1 1 1 1 1 1 1 1 3 4 2 5 1 1 1 1 1 1 1 1 
1 1 1 1 1 1 1 1 3 5 3 1 1 1 1 1 1 1 1 1 1 3 4 4 1 1 1 1 1 1 1 1 
"l"
1 1 1 1 1 1 1 1 1 1 1 3 3 3 3 3 3 3 3 3 3 3 3 3 3 3 3 3 3 1 1 1 
1 1 1 1 1 1 1 1 1 1 4 5 5 5 5 5 5 5 5 5 5 5 5 5 5 5 5 5 5 4 1 1 
1 1 1 1 1 1 1 1 1 3 2 2 2 2 2 2 2 2 2 2 2 2 2 2 2 2 2 2 2 5 1 1 
1 1 1 1 1 1 1 1 3 5 2 2 5 5 5 5 5 5 5 5 5 5 5 5 5 5 5 5 5 4 1 1 
1 1 1 1 1 1 1 1 3 2 2 5 3 3 3 3 3 3 3 3 3 3 3 3 3 3 3 3 3 1 1 1 
1 1 1 1 1 1 1 1 3 2 5 1 1 1 1 1 1 1 1 1 1 1 1 1 1 1 1 1 1 1 1 1 
1 1 1 1 1 1 1 1 3 2 5 1 1 1 1 1 1 1 1 1 1 1 1 1 1 1 1 1 1 1 1 1 
1 1 1 1 1 1 1 1 3 5 4 1 1 1 1 1 1 1 1 1 1 1 1 1 1 1 1 1 1 1 1 1 
1 1 1 1 1 1 1 1 1 3 1 1 1 1 1 1 1 1 1 1 1 1 1 1 1 1 1 1 1 1 1 1 
"m"
1 1 1 1 1 1 1 1 1 3 3 3 3 3 3 3 3 3 3 3 3 3 3 1 1 1 1 1 1 1 1 1 
1 1 1 1 1 1 1 1 3 5 5 5 5 5 5 5 5 5 5 5 5 5 5 4 1 1 1 1 1 1 1 1 
1 1 1 1 1 1 1 1 3 2 2 2 2 2 2 2 2 2 2 2 2 2 2 5 1 1 1 1 1 1 1 1 
1 1 1 1 1 1 1 1 3 5 5 5 5 5 5 5 5 5 5 5 2 2 2 4 1 1 1 1 1 1 1 1 
1 1 1 1 1 1 1 1 1 3 3 3 3 3 3 3 3 3 3 3 3 2 5 3 1 1 1 1 1 1 1 1 
1 1 1 1 1 1 1 1 1 1 1 1 1 1 1 1 1 1 1 1 3 4 5 4 1 1 1 1 1 1 1 1 
1 1 1 1 1 1 1 1 1 1 1 1 1 1 1 1 1 1 1 1 1 3 2 5 1 1 1 1 1 1 1 1 
1 1 1 1 1 1 1 1 1 1 1 1 1 1 1 1 1 1 1 1 1 3 2 5 1 1 1 1 1 1 1 1 
1 1 1 1 1 1 1 1 1 3 3 3 3 3 3 3 3 3 3 3 3 5 2 5 1 1 1 1 1 1 1 1 
1 1 1 1 1 1 1 1 3 5 5 5 5 5 5 5 5 5 5 5 5 2 2 4 1 1 1 1 1 1 1 1 
1 1 1 1 1 1 1 1 3 2 2 2 2 2 2 2 2 2 2 2 2 2 5 3 1 1 1 1 1 1 1 1 
1 1 1 1 1 1 1 1 3 5 5 5 5 5 5 5 5 5 5 5 2 2 4 1 1 1 1 1 1 1 1 1 
1 1 1 1 1 1 1 1 1 3 3 3 3 3 3 3 3 3 3 3 3 2 5 3 1 1 1 1 1 1 1 1 
1 1 1 1 1 1 1 1 1 1 1 1 1 1 1 1 1 1 1 1 3 4 2 4 1 1 1 1 1 1 1 1 
1 1 1 1 1 1 1 1 1 1 1 1 1 1 1 1 1 1 1 1 1 3 2 5 1 1 1 1 1 1 1 1 
1 1 1 1 1 1 1 1 1 1 1 1 1 1 1 1 1 1 1 1 1 3 2 5 1 1 1 1 1 1 1 1 
1 1 1 1 1 1 1 1 1 3 3 3 3 3 3 3 3 3 3 3 3 5 2 5 1 1 1 1 1 1 1 1 
1 1 1 1 1 1 1 1 3 5 5 5 5 5 5 5 5 5 5 5 5 2 2 5 1 1 1 1 1 1 1 1 
1 1 1 1 1 1 1 1 3 2 2 2 2 2 2 2 2 2 2 2 2 2 5 3 1 1 1 1 1 1 1 1 
1 1 1 1 1 1 1 1 3 5 5 5 5 5 5 5 5 5 5 5 5 4 3 1 1 1 1 1 1 1 1 1 
1 1 1 1 1 1 1 1 1 3 3 3 3 3 3 3 3 3 3 3 3 1 1 1 1 1 1 1 1 1 1 1 
"n"
1 1 1 1 1 1 1 1 1 3 3 3 3 3 3 3 3 3 3 3 3 3 3 1 1 1 1 1 1 1 1 1 
1 1 1 1 1 1 1 1 3 5 5 5 5 5 5 5 5 5 5 5 5 5 5 4 1 1 1 1 1 1 1 1 
1 1 1 1 1 1 1 1 3 2 2 2 2 2 2 2 2 2 2 2 2 2 2 5 1 1 1 1 1 1 1 1 
1 1 1 1 1 1 1 1 3 5 5 5 5 5 5 5 5 5 5 5 2 2 2 4 1 1 1 1 1 1 1 1 
1 1 1 1 1 1 1 1 1 3 3 3 3 3 3 3 3 3 3 3 4 2 5 3 1 1 1 1 1 1 1 1 
1 1 1 1 1 1 1 1 1 1 1 1 1 1 1 1 1 1 1 1 3 5 5 3 1 1 1 1 1 1 1 1 
1 1 1 1 1 1 1 1 1 1 1 1 1 1 1 1 1 1 1 1 1 4 2 5 1 1 1 1 1 1 1 1 
1 1 1 1 1 1 1 1 1 1 1 1 1 1 1 1 1 1 1 1 1 3 2 5 1 1 1 1 1 1 1 1 
1 1 1 1 1 1 1 1 1 1 1 1 1 1 1 1 1 1 1 1 1 4 2 5 1 1 1 1 1 1 1 1 
1 1 1 1 1 1 1 1 1 3 3 3 3 3 3 3 3 3 3 3 3 5 2 5 1 1 1 1 1 1 1 1 
1 1 1 1 1 1 1 1 3 5 5 5 5 5 5 5 5 5 5 5 2 2 2 5 1 1 1 1 1 1 1 1 
1 1 1 1 1 1 1 1 3 2 2 2 2 2 2 2 2 2 2 2 2 2 5 3 1 1 1 1 1 1 1 1 
1 1 1 1 1 1 1 1 3 5 5 5 5 5 5 5 5 5 5 5 5 4 3 1 1 1 1 1 1 1 1 1 
1 1 1 1 1 1 1 1 1 3 3 3 3 3 3 3 3 3 3 3 3 1 1 1 1 1 1 1 1 1 1 1 
"o"
1 1 1 1 1 1 1 1 1 1 1 1 1 3 3 3 3 3 3 1 1 1 1 1 1 1 1 1 1 1 1 1 
1 1 1 1 1 1 1 1 1 1 1 3 3 4 5 5 5 5 5 4 3 1 1 1 1 1 1 1 1 1 1 1 
1 1 1 1 1 1 1 1 1 1 3 4 5 2 2 2 2 2 2 5 5 4 1 1 1 1 1 1 1 1 1 1 
1 1 1 1 1 1 1 1 1 3 5 2 2 5 5 5 5 5 5 2 2 5 4 1 1 1 1 1 1 1 1 1 
1 1 1 1 1 1 1 1 3 4 2 5 4 3 3 3 3 3 3 4 5 2 5 3 1 1 1 1 1 1 1 1 
1 1 1 1 1 1 1 1 3 2 2 4 1 1 1 1 1 1 1 1 3 5 2 5 1 1 1 1 1 1 1 1 
1 1 1 1 1 1 1 1 3 2 5 1 1 1 1 1 1 1 1 1 1 3 2 5 1 1 1 1 1 1 1 1 
1 1 1 1 1 1 1 1 3 2 5 1 1 1 1 1 1 1 1 1 1 4 2 5 1 1 1 1 1 1 1 1 
1 1 1 1 1 1 1 1 3 2 2 4 1 1 1 1 1 1 1 1 3 5 2 5 1 1 1 1 1 1 1 1 
1 1 1 1 1 1 1 1 3 4 2 5 4 3 3 3 3 3 3 4 5 2 5 3 1 1 1 1 1 1 1 1 
1 1 1 1 1 1 1 1 1 3 5 2 2 5 5 5 5 5 5 2 2 5 4 1 1 1 1 1 1 1 1 1 
1 1 1 1 1 1 1 1 1 1 3 4 5 2 2 2 2 2 2 5 5 4 1 1 1 1 1 1 1 1 1 1 
1 1 1 1 1 1 1 1 1 1 1 3 3 4 5 5 5 5 5 4 3 1 1 1 1 1 1 1 1 1 1 1 
1 1 1 1 1 1 1 1 1 1 1 1 1 3 3 3 3 3 3 1 1 1 1 1 1 1 1 1 1 1 1 1 
"p"
1 1 3 3 3 3 3 3 3 3 3 3 3 3 3 3 3 3 3 3 3 3 3 1 1 1 1 1 1 1 1 1 
1 3 5 5 5 5 5 5 5 5 5 5 5 5 5 5 5 5 5 5 5 5 5 4 1 1 1 1 1 1 1 1 
1 3 2 2 2 2 2 2 2 2 2 2 2 2 2 2 2 2 2 2 2 2 2 5 1 1 1 1 1 1 1 1 
1 3 5 5 5 5 5 5 2 2 2 2 5 5 5 5 5 5 5 5 2 2 2 5 1 1 1 1 1 1 1 1 
1 1 3 3 3 3 3 3 4 2 2 5 3 3 3 3 3 3 3 3 3 2 2 3 1 1 1 1 1 1 1 1 
1 1 1 1 1 1 1 1 3 2 5 3 1 1 1 1 1 1 1 1 3 4 2 5 1 1 1 1 1 1 1 1 
1 1 1 1 1 1 1 1 3 2 5 1 1 1 1 1 1 1 1 1 1 3 2 5 1 1 1 1 1 1 1 1 
1 1 1 1 1 1 1 1 3 2 5 1 1 1 1 1 1 1 1 1 1 3 2 5 1 1 1 1 1 1 1 1 
1 1 1 1 1 1 1 1 3 2 2 5 3 1 1 1 1 1 1 1 3 5 2 5 1 1 1 1 1 1 1 1 
1 1 1 1 1 1 1 1 3 5 2 2 5 4 3 3 3 3 3 4 5 2 5 3 1 1 1 1 1 1 1 1 
1 1 1 1 1 1 1 1 1 3 5 2 2 5 5 5 5 5 5 2 2 2 5 1 1 1 1 1 1 1 1 1 
1 1 1 1 1 1 1 1 1 1 3 4 5 2 2 2 2 2 2 2 5 4 1 1 1 1 1 1 1 1 1 1 
1 1 1 1 1 1 1 1 1 1 1 3 3 4 4 5 5 5 5 4 3 1 1 1 1 1 1 1 1 1 1 1 
1 1 1 1 1 1 1 1 1 1 1 1 1 1 3 3 3 3 3 1 1 1 1 1 1 1 1 1 1 1 1 1 
"q"
2 2 2 2 2 2 2 2 2 2 2 2 3 4 4 4 4 4 4 3 2 2 2 2 2 2 2 2 2 2 2 2 2 2 2 2 
2 2 2 2 2 2 2 2 2 2 3 5 6 7 8 8 8 8 7 6 5 3 2 2 2 2 2 2 2 2 2 2 2 2 2 2 
2 2 2 2 2 2 2 2 2 3 6 8 8 8 8 8 8 8 8 8 8 6 4 2 2 2 2 2 2 2 2 2 2 2 2 2 
2 2 2 2 2 2 2 2 2 6 8 8 8 6 6 6 6 6 7 7 8 8 7 4 2 2 2 2 2 2 2 2 2 2 2 2 
2 2 2 2 2 2 2 2 4 7 8 7 4 3 2 2 2 2 3 4 6 8 8 5 2 2 2 2 2 2 2 2 2 2 2 2 
2 2 2 2 2 2 2 2 4 8 8 5 2 2 2 2 2 2 2 2 4 7 8 6 3 2 2 2 2 2 2 2 2 2 2 2 
2 2 2 2 2 2 2 2 4 8 7 4 2 2 2 2 2 2 2 2 2 6 8 6 3 2 2 2 2 2 2 2 2 2 2 2 
2 2 2 2 2 2 2 2 4 7 8 4 2 2 2 2 2 2 2 2 3 6 8 6 2 2 2 2 2 2 2 2 2 2 2 2 
2 2 2 2 2 2 2 2 3 6 8 6 3 2 2 2 2 2 2 2 4 7 8 5 2 2 2 2 2 2 2 2 2 2 2 2 
2 2 4 4 4 4 4 4 4 6 8 7 5 4 4 4 4 4 4 5 6 8 8 5 2 2 2 2 2 2 2 2 2 2 2 2 
2 4 7 8 8 8 8 8 8 8 8 8 8 8 8 8 8 8 8 8 8 8 8 6 3 2 2 2 2 2 2 2 2 2 2 2 
2 4 7 8 8 8 8 8 8 8 8 8 8 8 8 8 8 8 8 8 8 8 8 6 3 2 2 2 2 2 2 2 2 2 2 2 
2 2 4 4 4 4 4 4 4 4 4 4 4 4 4 4 4 4 4 4 4 4 4 4 2 2 2 2 2 2 2 2 2 2 2 2 
"r"
1 1 1 1 1 1 1 1 1 3 3 3 3 3 3 3 3 3 3 3 3 3 3 1 1 1 1 1 1 1 1 1 
1 1 1 1 1 1 1 1 3 5 5 5 5 5 5 5 5 5 5 5 5 5 5 4 1 1 1 1 1 1 1 1 
1 1 1 1 1 1 1 1 3 2 2 2 2 2 2 2 2 2 2 2 2 2 2 5 1 1 1 1 1 1 1 1 
1 1 1 1 1 1 1 1 3 5 5 5 5 5 5 5 5 5 5 5 2 2 2 4 1 1 1 1 1 1 1 1 
1 1 1 1 1 1 1 1 1 3 3 3 3 3 3 3 3 3 3 3 3 2 2 3 1 1 1 1 1 1 1 1 
1 1 1 1 1 1 1 1 1 1 1 1 1 1 1 1 1 1 1 1 3 4 2 4 1 1 1 1 1 1 1 1 
1 1 1 1 1 1 1 1 1 1 1 1 1 1 1 1 1 1 1 1 3 4 2 5 1 1 1 1 1 1 1 1 
1 1 1 1 1 1 1 1 1 1 1 1 1 1 1 1 1 1 1 1 3 2 2 5 1 1 1 1 1 1 1 1 
1 1 1 1 1 1 1 1 1 1 1 1 1 1 1 1 1 1 1 1 3 5 5 4 1 1 1 1 1 1 1 1 
1 1 1 1 1 1 1 1 1 1 1 1 1 1 1 1 1 1 1 1 1 3 3 1 1 1 1 1 1 1 1 1 
"s"
1 1 1 1 1 1 1 1 1 3 4 3 1 1 1 1 1 1 3 3 3 1 1 1 1 1 1 1 1 1 1 1 
1 1 1 1 1 1 1 1 1 4 2 5 1 1 1 1 3 4 5 5 5 4 1 1 1 1 1 1 1 1 1 1 
1 1 1 1 1 1 1 1 3 2 2 5 1 1 1 3 4 2 2 2 2 5 4 1 1 1 1 1 1 1 1 1 
1 1 1 1 1 1 1 1 3 2 2 4 1 1 1 4 2 2 2 5 5 2 5 3 1 1 1 1 1 1 1 1 
1 1 1 1 1 1 1 1 3 2 5 3 1 1 3 5 2 2 5 3 3 5 2 5 1 1 1 1 1 1 1 1 
1 1 1 1 1 1 1 1 3 2 5 1 1 1 3 2 2 5 3 1 1 3 2 5 1 1 1 1 1 1 1 1 
1 1 1 1 1 1 1 1 3 2 5 1 1 1 4 2 2 5 1 1 1 4 2 5 1 1 1 1 1 1 1 1 
1 1 1 1 1 1 1 1 3 2 5 4 3 3 2 2 2 4 1 1 3 5 2 5 1 1 1 1 1 1 1 1 
1 1 1 1 1 1 1 1 1 4 2 5 5 2 2 2 5 3 1 1 4 2 2 4 1 1 1 1 1 1 1 1 
1 1 1 1 1 1 1 1 1 3 5 2 2 2 2 5 4 1 1 1 4 5 5 3 1 1 1 1 1 1 1 1 
1 1 1 1 1 1 1 1 1 1 3 4 5 5 5 4 1 1 1 1 3 3 3 1 1 1 1 1 1 1 1 1 
1 1 1 1 1 1 1 1 1 1 1 3 3 3 3 1 1 1 1 1 1 1 1 1 1 1 1 1 1 1 1 1 
"t"
1 1 1 1 1 1 1 1 1 1 1 1 1 1 1 1 1 1 1 1 1 1 3 1 1 1 1 1 1 1 1 1 
1 1 1 1 1 1 1 1 1 1 1 1 1 1 1 1 1 1 1 1 1 3 5 4 1 1 1 1 1 1 1 1 
1 1 1 1 1 1 1 1 1 1 1 3 3 3 3 3 3 3 3 3 3 4 2 5 3 3 3 1 1 1 1 1 
1 1 1 1 1 1 1 1 1 3 3 4 5 5 5 5 5 5 5 5 5 2 2 2 5 5 5 4 1 1 1 1 
1 1 1 1 1 1 1 1 1 4 5 2 2 2 2 2 2 2 2 2 2 2 2 2 2 2 2 5 1 1 1 1 
1 1 1 1 1 1 1 1 3 2 2 5 5 5 5 5 5 5 5 5 5 2 2 2 5 5 5 4 1 1 1 1 
1 1 1 1 1 1 1 1 3 2 5 4 3 3 3 3 3 3 3 3 3 4 2 5 3 3 3 1 1 1 1 1 
1 1 1 1 1 1 1 1 3 2 5 1 1 1 1 1 1 1 1 1 1 3 2 5 1 1 1 1 1 1 1 1 
1 1 1 1 1 1 1 1 3 2 5 1 1 1 1 1 1 1 1 1 1 3 2 5 1 1 1 1 1 1 1 1 
1 1 1 1 1 1 1 1 3 2 5 1 1 1 1 1 1 1 1 1 1 3 5 4 1 1 1 1 1 1 1 1 
1 1 1 1 1 1 1 1 3 4 3 1 1 1 1 1 1 1 1 1 1 1 3 1 1 1 1 1 1 1 1 1 
"u"
1 1 1 1 1 1 1 1 1 1 1 3 3 3 3 3 3 3 3 3 3 3 3 1 1 1 1 1 1 1 1 1 
1 1 1 1 1 1 1 1 1 3 4 5 5 5 5 5 5 5 5 5 5 5 5 4 1 1 1 1 1 1 1 1 
1 1 1 1 1 1 1 1 1 4 2 2 2 2 2 2 2 2 2 2 2 2 2 5 1 1 1 1 1 1 1 1 
1 1 1 1 1 1 1 1 3 2 2 2 5 5 5 5 5 5 5 5 5 5 5 4 1 1 1 1 1 1 1 1 
1 1 1 1 1 1 1 1 3 2 2 4 3 3 3 3 3 3 3 3 3 3 3 1 1 1 1 1 1 1 1 1 
1 1 1 1 1 1 1 1 3 2 5 1 1 1 1 1 1 1 1 1 1 1 1 1 1 1 1 1 1 1 1 1 
1 1 1 1 1 1 1 1 3 2 5 1 1 1 1 1 1 1 1 1 1 1 1 1 1 1 1 1 1 1 1 1 
1 1 1 1 1 1 1 1 3 2 5 1 1 1 1 1 1 1 1 1 1 1 1 1 1 1 1 1 1 1 1 1 
1 1 1 1 1 1 1 1 3 2 2 4 1 1 1 1 1 1 1 1 1 1 1 1 1 1 1 1 1 1 1 1 
1 1 1 1 1 1 1 1 3 5 2 5 3 3 3 3 3 3 3 3 3 3 3 1 1 1 1 1 1 1 1 1 
1 1 1 1 1 1 1 1 3 2 2 2 5 5 5 5 5 5 5 5 5 5 5 4 1 1 1 1 1 1 1 1 
1 1 1 1 1 1 1 1 3 2 2 2 2 2 2 2 2 2 2 2 2 2 2 5 1 1 1 1 1 1 1 1 
1 1 1 1 1 1 1 1 3 5 5 5 5 5 5 5 5 5 5 5 5 5 5 4 1 1 1 1 1 1 1 1 
1 1 1 1 1 1 1 1 1 3 3 3 3 3 3 3 3 3 3 3 3 3 3 1 1 1 1 1 1 1 1 1 
"v"
1 1 1 1 1 1 1 1 1 1 1 1 1 1 1 1 1 1 1 1 3 3 4 4 1 1 1 1 1 1 1 1 
1 1 1 1 1 1 1 1 1 1 1 1 1 1 1 1 1 3 3 4 5 5 2 5 1 1 1 1 1 1 1 1 
1 1 1 1 1 1 1 1 1 1 1 1 1 1 3 3 4 5 5 2 2 2 2 5 1 1 1 1 1 1 1 1 
1 1 1 1 1 1 1 1 1 1 1 3 3 4 5 5 2 2 2 2 5 5 4 3 1 1 1 1 1 1 1 1 
1 1 1 1 1 1 1 1 1 3 4 5 5 2 2 2 2 5 5 4 3 3 1 1 1 1 1 1 1 1 1 1 
1 1 1 1 1 1 1 1 3 5 2 2 2 2 5 5 4 3 3 1 1 1 1 1 1 1 1 1 1 1 1 1 
1 1 1 1 1 1 1 1 3 2 2 2 2 2 5 3 3 1 1 1 1 1 1 1 1 1 1 1 1 1 1 1 
1 1 1 1 1 1 1 1 3 5 2 2 2 2 5 5 4 3 3 1 1 1 1 1 1 1 1 1 1 1 1 1 
1 1 1 1 1 1 1 1 1 3 4 5 5 2 2 2 2 5 5 4 3 3 1 1 1 1 1 1 1 1 1 1 
1 1 1 1 1 1 1 1 1 1 1 3 3 4 5 5 2 2 2 2 5 5 4 3 1 1 1 1 1 1 1 1 
1 1 1 1 1 1 1 1 1 1 1 1 1 1 3 3 4 5 5 2 2 2 2 5 1 1 1 1 1 1 1 1 
1 1 1 1 1 1 1 1 1 1 1 1 1 1 1 1 1 3 3 4 5 5 2 5 1 1 1 1 1 1 1 1 
1 1 1 1 1 1 1 1 1 1 1 1 1 1 1 1 1 1 1 1 3 3 4 4 1 1 1 1 1 1 1 1 
"w"
1 1 1 1 1 1 1 1 1 1 1 1 1 1 1 1 1 1 1 1 1 1 3 1 1 1 1 1 1 1 1 1 
1 1 1 1 1 1 1 1 1 1 1 1 1 1 1 1 1 1 3 3 3 4 4 4 1 1 1 1 1 1 1 1 
1 1 1 1 1 1 1 1 1 1 1 1 1 1 3 3 3 4 4 5 5 2 2 5 1 1 1 1 1 1 1 1 
1 1 1 1 1 1 1 1 1 1 1 3 3 4 4 5 5 2 2 2 2 2 2 5 1 1 1 1 1 1 1 1 
1 1 1 1 1 1 1 1 1 3 4 5 5 2 2 2 2 2 2 2 5 5 5 4 1 1 1 1 1 1 1 1 
1 1 1 1 1 1 1 1 3 5 2 2 2 2 2 2 5 5 5 4 3 3 3 1 1 1 1 1 1 1 1 1 
1 1 1 1 1 1 1 1 3 2 2 2 2 2 2 2 4 3 3 3 1 1 1 1 1 1 1 1 1 1 1 1 
1 1 1 1 1 1 1 1 3 5 5 2 2 2 2 2 5 5 4 4 3 3 1 1 1 1 1 1 1 1 1 1 
1 1 1 1 1 1 1 1 1 3 3 4 5 5 5 2 2 2 2 5 5 5 4 3 1 1 1 1 1 1 1 1 
1 1 1 1 1 1 1 1 1 1 1 1 3 3 3 4 5 2 2 2 2 2 2 5 1 1 1 1 1 1 1 1 
1 1 1 1 1 1 1 1 1 1 1 1 1 1 3 3 4 4 2 2 2 2 2 5 1 1 1 1 1 1 1 1 
1 1 1 1 1 1 1 1 1 1 3 3 3 4 4 5 5 2 2 2 2 2 5 4 1 1 1 1 1 1 1 1 
1 1 1 1 1 1 1 1 1 4 4 5 5 2 2 2 2 2 5 5 5 4 3 1 1 1 1 1 1 1 1 1 
1 1 1 1 1 1 1 1 3 2 2 2 2 2 2 2 5 4 3 3 3 1 1 1 1 1 1 1 1 1 1 1 
1 1 1 1 1 1 1 1 3 2 2 2 2 2 2 5 4 3 3 1 1 1 1 1 1 1 1 1 1 1 1 1 
1 1 1 1 1 1 1 1 3 5 5 5 2 2 2 2 5 5 5 4 3 3 3 1 1 1 1 1 1 1 1 1 
1 1 1 1 1 1 1 1 1 3 3 3 4 5 5 2 2 2 2 2 5 5 5 3 1 1 1 1 1 1 1 1 
1 1 1 1 1 1 1 1 1 1 1 1 1 3 3 4 4 5 5 2 2 2 2 5 1 1 1 1 1 1 1 1 
1 1 1 1 1 1 1 1 1 1 1 1 1 1 1 1 3 3 3 4 4 5 5 5 1 1 1 1 1 1 1 1 
1 1 1 1 1 1 1 1 1 1 1 1 1 1 1 1 1 1 1 1 3 3 3 3 1 1 1 1 1 1 1 1 
"x"
1 1 1 1 1 1 1 1 3 4 3 1 1 1 1 1 1 1 1 1 1 1 3 1 1 1 1 1 1 1 1 1 
1 1 1 1 1 1 1 1 3 5 5 3 1 1 1 1 1 1 1 1 1 3 4 4 1 1 1 1 1 1 1 1 
1 1 1 1 1 1 1 1 3 2 2 5 4 3 1 1 1 1 1 3 4 5 2 5 1 1 1 1 1 1 1 1 
1 1 1 1 1 1 1 1 3 4 2 2 2 5 4 3 1 3 3 5 2 2 2 5 1 1 1 1 1 1 1 1 
1 1 1 1 1 1 1 1 1 3 3 5 2 2 5 5 4 4 2 2 2 2 5 4 1 1 1 1 1 1 1 1 
1 1 1 1 1 1 1 1 1 1 1 3 4 5 2 2 2 2 2 2 5 5 4 1 1 1 1 1 1 1 1 1 
1 1 1 1 1 1 1 1 1 1 1 1 3 4 2 2 2 2 2 2 4 3 1 1 1 1 1 1 1 1 1 1 
1 1 1 1 1 1 1 1 1 1 3 3 4 2 2 2 2 2 2 2 5 4 3 1 1 1 1 1 1 1 1 1 
1 1 1 1 1 1 1 1 1 3 4 5 2 2 2 5 5 4 5 2 2 5 5 3 1 1 1 1 1 1 1 1 
1 1 1 1 1 1 1 1 3 5 2 2 2 5 5 3 3 3 3 4 5 2 2 5 1 1 1 1 1 1 1 1 
1 1 1 1 1 1 1 1 3 2 2 2 5 4 3 1 1 1 1 3 3 4 5 5 1 1 1 1 1 1 1 1 
1 1 1 1 1 1 1 1 3 2 5 4 3 1 1 1 1 1 1 1 1 3 3 3 1 1 1 1 1 1 1 1 
1 1 1 1 1 1 1 1 3 5 3 1 1 1 1 1 1 1 1 1 1 1 1 1 1 1 1 1 1 1 1 1 
1 1 1 1 1 1 1 1 1 3 1 1 1 1 1 1 1 1 1 1 1 1 1 1 1 1 1 1 1 1 1 1 
"y"
1 1 1 1 1 1 1 1 1 1 1 1 1 1 1 1 1 1 1 3 3 3 4 4 1 1 1 1 1 1 1 1 
1 3 4 4 3 1 1 1 1 1 1 1 1 1 1 1 3 3 3 4 5 5 2 5 1 1 1 1 1 1 1 1 
1 3 2 2 5 1 1 1 1 1 1 1 1 3 3 4 4 5 5 2 2 2 5 5 1 1 1 1 1 1 1 1 
1 3 2 2 5 4 3 1 1 1 3 3 4 4 5 2 2 2 2 5 5 4 4 3 1 1 1 1 1 1 1 1 
1 1 4 2 2 5 5 4 3 4 5 5 2 2 2 2 5 5 4 4 3 1 1 1 1 1 1 1 1 1 1 1 
1 1 3 4 2 2 2 5 5 2 2 2 2 5 5 4 3 3 1 1 1 1 1 1 1 1 1 1 1 1 1 1 
1 1 1 3 4 5 2 2 2 2 2 2 2 5 3 3 1 1 1 1 1 1 1 1 1 1 1 1 1 1 1 1 
1 1 1 1 1 3 4 5 5 2 2 2 2 5 5 4 3 3 1 1 1 1 1 1 1 1 1 1 1 1 1 1 
1 1 1 1 1 1 1 3 3 4 5 5 2 2 2 2 5 5 4 4 3 3 1 1 1 1 1 1 1 1 1 1 
1 1 1 1 1 1 1 1 1 1 3 3 4 4 5 2 2 2 2 5 5 5 4 3 1 1 1 1 1 1 1 1 
1 1 1 1 1 1 1 1 1 1 1 1 1 3 3 4 4 5 5 2 2 2 5 5 1 1 1 1 1 1 1 1 
1 1 1 1 1 1 1 1 1 1 1 1 1 1 1 1 3 3 3 4 5 5 2 5 1 1 1 1 1 1 1 1 
1 1 1 1 1 1 1 1 1 1 1 1 1 1 1 1 1 1 1 1 3 3 4 4 1 1 1 1 1 1 1 1 
"z" 122
1 1 1 1 1 1 1 1 3 5 3 1 1 1 1 1 1 1 1 1 1 1 3 1 1 1 1 1 1 1 1 1 
1 1 1 1 1 1 1 1 3 2 5 5 3 1 1 1 1 1 1 1 1 3 5 4 1 1 1 1 1 1 1 1 
1 1 1 1 1 1 1 1 3 2 2 2 5 5 1 1 1 1 1 1 1 3 2 5 1 1 1 1 1 1 1 1 
1 1 1 1 1 1 1 1 3 2 2 2 2 2 5 3 1 1 1 1 1 3 2 5 1 1 1 1 1 1 1 1 
1 1 1 1 1 1 1 1 3 2 2 5 2 2 2 5 5 1 1 1 1 3 2 5 1 1 1 1 1 1 1 1 
1 1 1 1 1 1 1 1 3 2 5 3 3 5 2 2 2 5 3 1 1 3 2 5 1 1 1 1 1 1 1 1 
1 1 1 1 1 1 1 1 3 2 5 1 1 3 3 2 2 2 5 5 1 3 2 5 1 1 1 1 1 1 1 1 
1 1 1 1 1 1 1 1 3 2 5 1 1 1 1 3 5 2 2 2 5 4 2 5 1 1 1 1 1 1 1 1 
1 1 1 1 1 1 1 1 3 2 5 1 1 1 1 1 3 3 5 2 2 2 2 5 1 1 1 1 1 1 1 1 
1 1 1 1 1 1 1 1 3 2 5 1 1 1 1 1 1 1 3 3 2 2 2 5 1 1 1 1 1 1 1 1 
1 1 1 1 1 1 1 1 3 5 4 1 1 1 1 1 1 1 1 1 3 5 5 4 1 1 1 1 1 1 1 1 
1 1 1 1 1 1 1 1 1 3 1 1 1 1 1 1 1 1 1 1 1 3 3 1 1 1 1 1 1 1 1 1 
"{" 123
"|" 124
"}" 125
"~" 126
<!ENTITY pound  CDATA "&#163;" -- pound sign, U+00A3 ISOnum -->
"" 163
2 2 2 2 2 2 2 2 2 2 2 2 2 2 2 2 2 2 2 3 2 2 2 2 2 2 2 2 2 2 2 2 2 2 2 2 
2 2 2 2 2 2 2 2 2 4 4 3 2 2 2 2 2 2 5 6 4 2 2 2 2 2 2 2 2 2 2 2 2 2 2 2 
2 2 2 2 2 2 2 2 4 7 8 5 2 2 2 2 2 3 6 8 6 2 2 2 2 2 2 2 2 2 2 2 2 2 2 2 
2 2 2 2 2 2 2 2 4 7 8 7 4 2 2 2 2 3 6 8 6 5 5 6 5 4 3 2 2 2 2 2 2 2 2 2 
2 2 2 2 2 2 2 2 4 7 8 8 6 5 4 4 4 5 7 8 8 8 8 8 8 8 6 4 2 2 2 2 2 2 2 2 
2 2 2 2 2 2 2 2 4 7 8 8 8 8 7 7 8 8 8 8 8 8 8 8 8 8 8 7 4 2 2 2 2 2 2 2 
2 2 2 2 2 2 2 2 4 7 8 7 7 8 8 8 8 8 8 8 8 6 6 6 6 7 8 8 6 3 2 2 2 2 2 2 
2 2 2 2 2 2 2 2 4 7 8 5 4 5 6 6 5 5 7 8 6 3 2 2 3 4 7 8 7 4 2 2 2 2 2 2 
2 2 2 2 2 2 2 2 4 7 8 4 2 2 2 2 2 3 6 8 6 2 2 2 2 2 6 8 8 4 2 2 2 2 2 2 
2 2 2 2 2 2 2 2 4 7 8 4 2 2 2 2 2 3 6 8 6 2 2 2 2 2 5 8 8 4 2 2 2 2 2 2 
2 2 2 2 2 2 2 2 4 7 8 4 2 2 2 2 2 3 6 8 6 2 2 2 2 2 5 8 8 4 2 2 2 2 2 2 
2 2 2 2 2 2 2 2 4 7 8 4 2 2 2 2 2 3 6 8 5 2 2 2 2 3 6 8 7 3 2 2 2 2 2 2 
2 2 2 2 2 2 2 2 4 7 8 4 2 2 2 2 2 2 4 4 3 2 2 2 2 3 6 7 5 2 2 2 2 2 2 2 
2 2 2 2 2 2 2 2 3 6 6 4 2 2 2 2 2 2 2 2 2 2 2 2 2 2 3 4 3 2 2 2 2 2 2 2 
2 2 2 2 2 2 2 2 2 3 3 2 2 2 2 2 2 2 2 2 2 2 2 2 2 2 2 2 2 2 2 2 2 2 2 2 
<!ENTITY divide CDATA "&#247;" -- division sign, U+00F7 ISOnum -->
"" 247
2 2 2 2 2 2 2 2 2 2 2 2 2 2 2 2 2 2 4 4 3 2 2 2 2 2 2 2 2 2 2 2 2 2 2 2 
2 2 2 2 2 2 2 2 2 2 2 2 2 2 2 2 2 3 6 8 5 2 2 2 2 2 2 2 2 2 2 2 2 2 2 2 
2 2 2 2 2 2 2 2 2 2 2 2 2 2 2 2 2 3 6 8 6 2 2 2 2 2 2 2 2 2 2 2 2 2 2 2 
2 2 2 2 2 2 2 2 2 2 2 2 2 2 2 2 2 3 6 8 6 2 2 2 2 2 2 2 2 2 2 2 2 2 2 2 
2 2 2 2 2 2 2 2 2 2 2 2 2 2 2 2 2 3 6 8 6 2 2 2 2 2 2 2 2 2 2 2 2 2 2 2 
2 2 2 2 2 2 2 2 2 2 2 2 2 2 3 2 2 3 6 8 6 2 2 2 3 2 2 2 2 2 2 2 2 2 2 2 
2 2 2 2 2 2 2 2 2 2 2 2 4 6 6 4 2 3 6 8 6 2 4 6 6 4 2 2 2 2 2 2 2 2 2 2 
2 2 2 2 2 2 2 2 2 2 2 2 5 8 8 6 2 3 6 8 6 3 5 8 8 6 2 2 2 2 2 2 2 2 2 2 
2 2 2 2 2 2 2 2 2 2 2 2 4 7 7 5 2 3 6 8 6 2 4 7 7 5 2 2 2 2 2 2 2 2 2 2 
2 2 2 2 2 2 2 2 2 2 2 2 2 4 4 3 2 3 6 8 6 2 2 4 4 3 2 2 2 2 2 2 2 2 2 2 
2 2 2 2 2 2 2 2 2 2 2 2 2 2 2 2 2 3 6 8 6 2 2 2 2 2 2 2 2 2 2 2 2 2 2 2 
2 2 2 2 2 2 2 2 2 2 2 2 2 2 2 2 2 3 6 8 6 2 2 2 2 2 2 2 2 2 2 2 2 2 2 2 
2 2 2 2 2 2 2 2 2 2 2 2 2 2 2 2 2 3 6 8 6 2 2 2 2 2 2 2 2 2 2 2 2 2 2 2 
2 2 2 2 2 2 2 2 2 2 2 2 2 2 2 2 2 3 6 8 6 2 2 2 2 2 2 2 2 2 2 2 2 2 2 2 
2 2 2 2 2 2 2 2 2 2 2 2 2 2 2 2 2 2 5 6 4 2 2 2 2 2 2 2 2 2 2 2 2 2 2 2 
2 2 2 2 2 2 2 2 2 2 2 2 2 2 2 2 2 2 2 3 2 2 2 2 2 2 2 2 2 2 2 2 2 2 2 2 

