"!" 33
2 2 2 2 2 2 2 2 2 3 3 3 2 2 2 2 2 2 2 2 2 2 3 3 3 3 3 3 3 2 2 2 2 2 2 2 
2 2 2 2 2 2 2 2 3 6 6 6 4 2 2 3 4 4 4 5 6 6 6 6 6 6 6 6 6 4 2 2 2 2 2 2 
2 2 2 2 2 2 2 2 4 7 8 8 4 2 4 7 7 8 8 8 8 8 8 8 8 8 8 8 8 4 2 2 2 2 2 2 
2 2 2 2 2 2 2 2 4 7 8 7 4 2 4 5 6 6 6 7 7 8 8 8 8 8 8 8 7 4 2 2 2 2 2 2 
2 2 2 2 2 2 2 2 2 4 4 4 3 2 2 2 2 3 3 3 4 4 4 4 4 4 4 4 4 3 2 2 2 2 2 2 
""" 34
2 2 2 2 2 2 2 2 2 2 2 2 2 2 2 2 2 2 2 2 2 2 3 4 4 4 5 5 5 3 2 2 2 2 2 2 
2 2 2 2 2 2 2 2 2 2 2 2 2 2 2 2 2 2 2 2 2 2 5 7 8 8 8 8 8 4 2 2 2 2 2 2 
2 2 2 2 2 2 2 2 2 2 2 2 2 2 2 2 2 2 2 2 2 2 4 6 6 6 6 7 7 4 2 2 2 2 2 2 
2 2 2 2 2 2 2 2 2 2 2 2 2 2 2 2 2 2 2 2 2 2 2 2 3 3 3 3 4 2 2 2 2 2 2 2 
2 2 2 2 2 2 2 2 2 2 2 2 2 2 2 2 2 2 2 2 2 2 2 3 3 3 3 3 4 2 2 2 2 2 2 2 
2 2 2 2 2 2 2 2 2 2 2 2 2 2 2 2 2 2 2 2 2 2 4 6 6 6 6 7 7 4 2 2 2 2 2 2 
2 2 2 2 2 2 2 2 2 2 2 2 2 2 2 2 2 2 2 2 2 2 5 8 8 8 8 8 8 4 2 2 2 2 2 2 
2 2 2 2 2 2 2 2 2 2 2 2 2 2 2 2 2 2 2 2 2 2 3 4 4 4 5 5 5 3 2 2 2 2 2 2 
"#" 35
2 2 2 2 2 2 2 2 2 2 2 2 2 2 5 6 4 2 2 2 2 2 2 2 2 2 2 2 2 2 2 2 2 2 2 2 
2 2 2 2 2 2 2 2 2 2 2 2 2 3 6 8 5 2 2 2 2 2 2 2 2 2 2 2 2 2 2 2 2 2 2 2 
2 2 2 2 2 2 2 2 3 6 5 4 3 3 6 8 6 2 2 2 2 4 5 4 2 2 2 2 2 2 2 2 2 2 2 2 
2 2 2 2 2 2 2 2 4 7 8 7 6 6 7 8 6 2 2 2 2 6 8 6 3 2 2 2 2 2 2 2 2 2 2 2 
2 2 2 2 2 2 2 2 3 5 6 7 8 8 8 8 7 4 3 2 2 6 8 6 3 2 2 2 2 2 2 2 2 2 2 2 
2 2 2 2 2 2 2 2 2 2 3 4 5 6 8 8 8 8 7 6 5 6 8 6 3 2 2 2 2 2 2 2 2 2 2 2 
2 2 2 2 2 2 2 2 2 2 2 2 2 3 7 8 8 7 8 8 8 8 8 7 4 3 2 2 2 2 2 2 2 2 2 2 
2 2 2 2 2 2 2 2 2 2 2 2 2 3 6 8 6 4 4 6 7 8 8 8 7 6 5 4 3 2 2 2 2 2 2 2 
2 2 2 2 2 2 2 2 2 2 2 2 2 3 6 8 6 2 2 2 4 6 8 8 8 8 8 7 6 4 2 2 2 2 2 2 
2 2 2 2 2 2 2 2 2 3 3 2 2 3 6 8 6 2 2 2 2 6 8 7 5 5 6 7 7 4 2 2 2 2 2 2 
2 2 2 2 2 2 2 2 3 6 6 5 4 4 7 8 6 2 2 2 2 6 8 6 3 2 3 4 5 4 2 2 2 2 2 2 
2 2 2 2 2 2 2 2 3 7 8 8 7 7 8 8 6 3 2 2 2 6 8 6 3 2 2 2 2 2 2 2 2 2 2 2 
2 2 2 2 2 2 2 2 2 4 5 6 7 8 8 8 7 6 4 3 3 6 8 6 3 2 2 2 2 2 2 2 2 2 2 2 
2 2 2 2 2 2 2 2 2 2 2 3 4 5 7 8 8 8 8 7 6 7 8 6 3 2 2 2 2 2 2 2 2 2 2 2 
2 2 2 2 2 2 2 2 2 2 2 2 2 3 6 8 7 6 7 8 8 8 8 7 5 4 3 2 2 2 2 2 2 2 2 2 
2 2 2 2 2 2 2 2 2 2 2 2 2 3 6 8 6 3 3 4 6 7 8 8 8 7 6 5 4 2 2 2 2 2 2 2 
2 2 2 2 2 2 2 2 2 2 2 2 2 3 6 8 6 2 2 2 3 6 8 8 7 8 8 8 7 4 2 2 2 2 2 2 
2 2 2 2 2 2 2 2 2 2 2 2 2 2 5 6 5 2 2 2 2 6 8 7 4 4 5 6 7 4 2 2 2 2 2 2 
2 2 2 2 2 2 2 2 2 2 2 2 2 2 2 3 3 2 2 2 2 6 8 6 3 2 2 3 4 3 2 2 2 2 2 2 
2 2 2 2 2 2 2 2 2 2 2 2 2 2 2 2 2 2 2 2 2 5 7 6 3 2 2 2 2 2 2 2 2 2 2 2 
2 2 2 2 2 2 2 2 2 2 2 2 2 2 2 2 2 2 2 2 2 2 4 4 2 2 2 2 2 2 2 2 2 2 2 2 
"$" 36
2 2 2 2 2 2 2 2 2 2 3 2 2 2 2 2 2 2 2 2 2 2 2 3 3 2 2 2 2 2 2 2 2 2 2 2 
2 2 2 2 2 2 2 2 2 3 6 6 4 2 2 2 2 2 2 2 3 5 6 6 6 5 4 2 2 2 2 2 2 2 2 2 
2 2 2 2 2 2 2 2 2 4 8 8 5 2 2 2 2 2 2 3 6 8 8 8 8 8 7 4 2 2 2 2 2 2 2 2 
2 2 2 2 2 2 2 2 3 6 8 7 4 2 2 2 2 2 2 6 8 8 8 8 8 8 8 7 4 2 2 2 2 2 2 2 
2 2 2 2 2 2 2 2 4 7 8 5 2 2 2 2 2 2 4 7 8 8 7 6 5 5 7 8 6 3 2 2 2 2 2 2 
2 2 2 2 2 2 2 2 4 8 8 4 2 2 2 2 2 3 6 8 8 8 5 3 2 3 5 8 8 4 2 2 2 2 2 2 
2 2 2 2 2 2 4 6 7 8 8 6 6 6 6 6 6 6 7 8 8 8 6 6 6 6 6 8 8 7 6 4 2 2 2 2 
2 2 2 2 2 2 5 7 8 8 8 8 8 8 8 8 8 8 8 8 8 8 8 8 8 8 8 8 8 8 8 5 2 2 2 2 
2 2 2 2 2 2 3 4 6 8 8 7 5 4 4 4 5 7 8 8 7 5 4 4 4 4 5 7 8 7 5 3 2 2 2 2 
2 2 2 2 2 2 2 2 4 7 8 7 5 3 2 3 4 7 8 8 5 2 2 2 2 2 4 7 8 6 2 2 2 2 2 2 
2 2 2 2 2 2 2 2 2 5 8 8 7 6 6 6 7 8 8 7 4 2 2 2 2 2 5 8 8 4 2 2 2 2 2 2 
2 2 2 2 2 2 2 2 2 3 6 8 8 8 8 8 8 8 7 4 2 2 2 2 2 2 6 8 6 3 2 2 2 2 2 2 
2 2 2 2 2 2 2 2 2 2 3 6 8 8 8 8 8 6 4 2 2 2 2 2 2 2 3 5 4 2 2 2 2 2 2 2 
2 2 2 2 2 2 2 2 2 2 2 3 4 5 6 5 4 3 2 2 2 2 2 2 2 2 2 2 2 2 2 2 2 2 2 2 
"%" 37
2 2 2 2 2 2 2 2 2 2 2 2 2 2 2 2 2 2 2 2 2 2 2 3 3 2 2 2 2 2 2 2 2 2 2 2 
2 2 2 2 2 2 2 2 2 2 2 2 2 2 2 2 2 2 2 2 3 4 6 6 6 6 5 3 2 2 2 2 2 2 2 2 
2 2 2 2 2 2 2 2 2 2 2 2 2 2 2 2 2 2 2 3 6 7 8 8 8 8 8 6 4 2 2 2 2 2 2 2 
2 2 2 2 2 2 2 2 2 2 2 2 2 2 2 2 2 2 2 5 8 7 5 4 4 5 6 8 6 3 2 2 2 2 2 2 
2 2 2 2 2 2 2 2 3 5 4 2 2 2 2 2 2 2 3 7 6 4 2 2 2 2 3 6 7 4 2 2 2 2 2 2 
2 2 2 2 2 2 2 2 4 7 7 5 4 2 2 2 2 2 4 7 6 2 2 2 2 2 2 5 7 4 2 2 2 2 2 2 
2 2 2 2 2 2 2 2 3 5 7 8 7 5 3 2 2 2 3 6 7 4 3 2 2 2 4 6 7 4 2 2 2 2 2 2 
2 2 2 2 2 2 2 2 2 2 4 6 7 8 6 5 3 2 2 5 7 7 6 6 6 6 7 8 6 3 2 2 2 2 2 2 
2 2 2 2 2 2 2 2 2 2 2 2 4 6 7 8 6 4 3 3 5 7 8 8 8 8 7 5 3 2 2 2 2 2 2 2 
2 2 2 2 2 2 2 2 2 2 2 2 2 3 4 6 8 7 6 4 3 4 4 5 6 5 4 2 2 2 2 2 2 2 2 2 
2 2 2 2 2 2 2 2 2 2 2 2 2 2 2 3 5 6 8 7 6 4 3 2 2 2 2 2 2 2 2 2 2 2 2 2 
2 2 2 2 2 2 2 2 2 2 2 2 3 4 4 3 3 4 5 7 8 7 6 4 2 2 2 2 2 2 2 2 2 2 2 2 
2 2 2 2 2 2 2 2 2 2 4 6 7 7 7 7 6 4 3 4 6 7 8 7 5 4 2 2 2 2 2 2 2 2 2 2 
2 2 2 2 2 2 2 2 2 4 7 8 8 7 7 8 8 7 4 2 2 4 6 7 8 7 5 3 2 2 2 2 2 2 2 2 
2 2 2 2 2 2 2 2 3 6 7 6 4 4 4 4 6 7 6 3 2 2 2 4 6 7 8 6 4 2 2 2 2 2 2 2 
2 2 2 2 2 2 2 2 4 7 5 2 2 2 2 2 2 5 7 4 2 2 2 2 3 4 6 8 7 3 2 2 2 2 2 2 
2 2 2 2 2 2 2 2 4 7 5 2 2 2 2 2 2 5 7 4 2 2 2 2 2 2 3 5 6 4 2 2 2 2 2 2 
2 2 2 2 2 2 2 2 4 7 7 4 3 3 3 3 4 7 7 4 2 2 2 2 2 2 2 2 3 3 2 2 2 2 2 2 
2 2 2 2 2 2 2 2 2 5 7 8 7 6 6 7 8 7 5 2 2 2 2 2 2 2 2 2 2 2 2 2 2 2 2 2 
2 2 2 2 2 2 2 2 2 3 4 6 7 8 8 7 6 4 3 2 2 2 2 2 2 2 2 2 2 2 2 2 2 2 2 2 
2 2 2 2 2 2 2 2 2 2 2 3 4 4 4 4 3 2 2 2 2 2 2 2 2 2 2 2 2 2 2 2 2 2 2 2 
"&" 38
"'" 39
2 2 2 2 2 2 2 2 2 2 2 2 2 2 2 2 2 2 2 2 2 2 3 4 4 4 5 5 5 3 2 2 2 2 2 2 
2 2 2 2 2 2 2 2 2 2 2 2 2 2 2 2 2 2 2 2 2 2 5 7 8 8 8 8 8 4 2 2 2 2 2 2 
2 2 2 2 2 2 2 2 2 2 2 2 2 2 2 2 2 2 2 2 2 2 4 6 6 6 6 7 7 4 2 2 2 2 2 2 
2 2 2 2 2 2 2 2 2 2 2 2 2 2 2 2 2 2 2 2 2 2 2 2 3 3 3 3 3 2 2 2 2 2 2 2 
"(" 40
2 2 2 2 2 2 2 2 2 2 2 3 4 4 4 4 4 4 4 3 2 2 2 2 2 2 2 2 2 2 2 2 2 2 2 2 
2 2 2 2 2 2 2 2 3 4 6 7 7 8 8 8 8 8 7 6 6 4 3 2 2 2 2 2 2 2 2 2 2 2 2 2 
2 2 2 2 2 2 4 6 7 8 8 8 8 8 8 8 8 8 8 8 8 8 7 6 4 2 2 2 2 2 2 2 2 2 2 2 
2 2 2 2 4 6 7 8 8 8 8 8 7 7 6 6 6 7 7 8 8 8 8 8 7 6 4 2 2 2 2 2 2 2 2 2 
2 2 3 4 7 8 8 8 7 6 5 4 4 3 3 3 3 3 4 4 5 6 6 7 8 8 7 5 3 2 2 2 2 2 2 2 
2 2 5 7 8 7 6 4 3 2 2 2 2 2 2 2 2 2 2 2 2 2 3 4 5 7 8 8 6 3 2 2 2 2 2 2 
2 2 5 7 5 4 2 2 2 2 2 2 2 2 2 2 2 2 2 2 2 2 2 2 2 3 5 6 6 3 2 2 2 2 2 2 
2 2 3 3 2 2 2 2 2 2 2 2 2 2 2 2 2 2 2 2 2 2 2 2 2 2 2 3 3 2 2 2 2 2 2 2 
")" 41
2 2 2 3 2 2 2 2 2 2 2 2 2 2 2 2 2 2 2 2 2 2 2 2 2 2 2 3 3 2 2 2 2 2 2 2 
2 2 5 6 5 4 2 2 2 2 2 2 2 2 2 2 2 2 2 2 2 2 2 2 2 3 5 6 6 3 2 2 2 2 2 2 
2 2 5 7 8 7 6 4 3 2 2 2 2 2 2 2 2 2 2 2 2 2 3 4 5 6 8 8 6 3 2 2 2 2 2 2 
2 2 2 4 6 8 8 8 7 6 5 4 4 3 3 3 3 3 3 4 4 5 6 7 8 8 7 6 3 2 2 2 2 2 2 2 
2 2 2 2 3 5 7 8 8 8 8 8 7 7 6 6 6 6 7 7 8 8 8 8 8 6 4 2 2 2 2 2 2 2 2 2 
2 2 2 2 2 2 4 5 6 8 8 8 8 8 8 8 8 8 8 8 8 8 7 6 4 3 2 2 2 2 2 2 2 2 2 2 
2 2 2 2 2 2 2 2 3 4 5 6 7 8 8 8 8 8 7 7 6 5 4 3 2 2 2 2 2 2 2 2 2 2 2 2 
2 2 2 2 2 2 2 2 2 2 2 3 3 4 4 4 4 4 4 3 3 2 2 2 2 2 2 2 2 2 2 2 2 2 2 2 
"," 44
2 2 2 2 2 4 3 2 2 2 2 2 2 2 2 2 2 2 2 2 2 2 2 2 2 2 2 2 2 2 2 2 2 2 2 2 
2 2 2 2 3 6 7 6 5 4 3 2 2 2 2 2 2 2 2 2 2 2 2 2 2 2 2 2 2 2 2 2 2 2 2 2 
2 2 2 2 3 6 8 8 8 8 7 6 4 2 2 2 2 2 2 2 2 2 2 2 2 2 2 2 2 2 2 2 2 2 2 2 
2 2 2 2 2 4 5 6 7 8 8 8 4 2 2 2 2 2 2 2 2 2 2 2 2 2 2 2 2 2 2 2 2 2 2 2 
2 2 2 2 2 2 2 3 4 6 7 7 4 2 2 2 2 2 2 2 2 2 2 2 2 2 2 2 2 2 2 2 2 2 2 2 
2 2 2 2 2 2 2 2 2 2 3 4 3 2 2 2 2 2 2 2 2 2 2 2 2 2 2 2 2 2 2 2 2 2 2 2 
"-" 45
2 2 2 2 2 2 2 2 2 2 2 2 2 2 2 2 2 2 3 3 2 2 2 2 2 2 2 2 2 2 2 2 2 2 2 2 
2 2 2 2 2 2 2 2 2 2 2 2 2 2 2 2 2 3 6 6 4 2 2 2 2 2 2 2 2 2 2 2 2 2 2 2 
2 2 2 2 2 2 2 2 2 2 2 2 2 2 2 2 2 4 7 8 4 2 2 2 2 2 2 2 2 2 2 2 2 2 2 2 
2 2 2 2 2 2 2 2 2 2 2 2 2 2 2 2 2 4 7 8 4 2 2 2 2 2 2 2 2 2 2 2 2 2 2 2 
2 2 2 2 2 2 2 2 2 2 2 2 2 2 2 2 2 4 7 8 4 2 2 2 2 2 2 2 2 2 2 2 2 2 2 2 
2 2 2 2 2 2 2 2 2 2 2 2 2 2 2 2 2 4 7 8 4 2 2 2 2 2 2 2 2 2 2 2 2 2 2 2 
2 2 2 2 2 2 2 2 2 2 2 2 2 2 2 2 2 4 7 8 4 2 2 2 2 2 2 2 2 2 2 2 2 2 2 2 
2 2 2 2 2 2 2 2 2 2 2 2 2 2 2 2 2 4 7 8 4 2 2 2 2 2 2 2 2 2 2 2 2 2 2 2 
2 2 2 2 2 2 2 2 2 2 2 2 2 2 2 2 2 4 7 8 4 2 2 2 2 2 2 2 2 2 2 2 2 2 2 2 
2 2 2 2 2 2 2 2 2 2 2 2 2 2 2 2 2 4 7 8 4 2 2 2 2 2 2 2 2 2 2 2 2 2 2 2 
2 2 2 2 2 2 2 2 2 2 2 2 2 2 2 2 2 3 5 5 3 2 2 2 2 2 2 2 2 2 2 2 2 2 2 2 
"." 46
2 2 2 2 2 2 2 2 3 5 6 5 3 2 2 2 2 2 2 2 2 2 2 2 2 2 2 2 2 2 2 2 2 2 2 2 
2 2 2 2 2 2 2 2 4 7 8 8 4 2 2 2 2 2 2 2 2 2 2 2 2 2 2 2 2 2 2 2 2 2 2 2 
2 2 2 2 2 2 2 2 4 7 8 8 4 2 2 2 2 2 2 2 2 2 2 2 2 2 2 2 2 2 2 2 2 2 2 2 
2 2 2 2 2 2 2 2 3 5 6 5 3 2 2 2 2 2 2 2 2 2 2 2 2 2 2 2 2 2 2 2 2 2 2 2 
"/" 47
2 2 2 2 2 2 2 2 3 4 3 2 2 2 2 2 2 2 2 2 2 2 2 2 2 2 2 2 2 2 2 2 2 2 2 2 
2 2 2 2 2 2 2 2 4 7 7 6 4 3 2 2 2 2 2 2 2 2 2 2 2 2 2 2 2 2 2 2 2 2 2 2 
2 2 2 2 2 2 2 2 3 7 8 8 7 6 5 4 2 2 2 2 2 2 2 2 2 2 2 2 2 2 2 2 2 2 2 2 
2 2 2 2 2 2 2 2 2 4 6 7 8 8 8 7 6 4 3 2 2 2 2 2 2 2 2 2 2 2 2 2 2 2 2 2 
2 2 2 2 2 2 2 2 2 2 2 3 5 6 7 8 8 8 7 5 4 3 2 2 2 2 2 2 2 2 2 2 2 2 2 2 
2 2 2 2 2 2 2 2 2 2 2 2 2 3 4 5 6 8 8 8 7 6 5 4 2 2 2 2 2 2 2 2 2 2 2 2 
2 2 2 2 2 2 2 2 2 2 2 2 2 2 2 2 3 4 6 7 8 8 8 7 6 4 3 2 2 2 2 2 2 2 2 2 
2 2 2 2 2 2 2 2 2 2 2 2 2 2 2 2 2 2 2 3 5 6 7 8 8 8 6 5 4 2 2 2 2 2 2 2 
2 2 2 2 2 2 2 2 2 2 2 2 2 2 2 2 2 2 2 2 2 3 4 5 7 8 8 8 7 4 2 2 2 2 2 2 
2 2 2 2 2 2 2 2 2 2 2 2 2 2 2 2 2 2 2 2 2 2 2 2 3 4 6 7 7 4 2 2 2 2 2 2 
2 2 2 2 2 2 2 2 2 2 2 2 2 2 2 2 2 2 2 2 2 2 2 2 2 2 2 4 4 3 2 2 2 2 2 2 
"0" 48
2 2 2 2 2 2 2 2 2 2 2 2 2 2 2 3 4 4 4 4 4 4 3 2 2 2 2 2 2 2 2 2 2 2 2 2 
2 2 2 2 2 2 2 2 2 2 2 2 3 4 6 7 7 8 8 8 8 7 7 6 4 3 2 2 2 2 2 2 2 2 2 2 
2 2 2 2 2 2 2 2 2 2 2 4 6 8 8 8 8 8 8 8 8 8 8 8 8 6 4 2 2 2 2 2 2 2 2 2 
2 2 2 2 2 2 2 2 2 2 4 7 8 8 8 8 7 6 6 6 6 7 8 8 8 8 7 4 2 2 2 2 2 2 2 2 
2 2 2 2 2 2 2 2 2 4 7 8 8 6 5 4 3 3 3 3 3 3 4 5 6 8 8 7 4 2 2 2 2 2 2 2 
2 2 2 2 2 2 2 2 3 6 8 7 5 3 2 2 2 2 2 2 2 2 2 2 3 5 7 8 6 3 2 2 2 2 2 2 
2 2 2 2 2 2 2 2 4 7 8 5 2 2 2 2 2 2 2 2 2 2 2 2 2 2 5 8 7 4 2 2 2 2 2 2 
2 2 2 2 2 2 2 2 4 8 7 4 2 2 2 2 2 2 2 2 2 2 2 2 2 2 4 7 8 4 2 2 2 2 2 2 
2 2 2 2 2 2 2 2 4 8 7 4 2 2 2 2 2 2 2 2 2 2 2 2 2 2 4 7 8 4 2 2 2 2 2 2 
2 2 2 2 2 2 2 2 4 7 8 5 2 2 2 2 2 2 2 2 2 2 2 2 2 2 5 8 7 4 2 2 2 2 2 2 
2 2 2 2 2 2 2 2 3 6 8 7 5 3 2 2 2 2 2 2 2 2 2 2 3 5 7 8 6 3 2 2 2 2 2 2 
2 2 2 2 2 2 2 2 2 4 7 8 8 6 5 4 3 3 3 3 3 3 4 5 6 8 8 7 4 2 2 2 2 2 2 2 
2 2 2 2 2 2 2 2 2 2 4 7 8 8 8 8 7 6 6 6 6 7 8 8 8 8 7 4 2 2 2 2 2 2 2 2 
2 2 2 2 2 2 2 2 2 2 2 4 6 8 8 8 8 8 8 8 8 8 8 8 8 6 4 2 2 2 2 2 2 2 2 2 
2 2 2 2 2 2 2 2 2 2 2 2 3 4 6 7 7 8 8 8 8 7 7 6 4 3 2 2 2 2 2 2 2 2 2 2 
2 2 2 2 2 2 2 2 2 2 2 2 2 2 2 3 4 4 4 4 4 4 3 2 2 2 2 2 2 2 2 2 2 2 2 2 
"1"
2 2 2 2 2 2 2 2 2 2 2 2 2 2 2 2 2 2 2 2 2 2 2 3 4 4 3 2 2 2 2 2 2 2 2 2 
2 2 2 2 2 2 2 2 2 2 2 2 2 2 2 2 2 2 2 2 2 2 2 4 6 7 6 3 2 2 2 2 2 2 2 2 
2 2 2 2 2 2 2 2 2 2 2 2 2 2 2 2 2 2 2 2 2 2 2 2 6 8 8 5 3 2 2 2 2 2 2 2 
2 2 2 2 2 2 2 2 2 3 3 3 3 3 3 3 3 3 3 3 3 3 3 3 4 7 8 8 5 3 2 2 2 2 2 2 
2 2 2 2 2 2 2 2 3 6 6 6 6 6 6 6 6 6 6 6 6 6 6 6 7 8 8 8 7 4 2 2 2 2 2 2 
2 2 2 2 2 2 2 2 4 7 8 8 8 8 8 8 8 8 8 8 8 8 8 8 8 8 8 8 8 4 2 2 2 2 2 2 
2 2 2 2 2 2 2 2 3 6 6 6 6 6 6 6 6 6 6 6 6 6 6 6 6 6 6 6 6 4 2 2 2 2 2 2 
2 2 2 2 2 2 2 2 2 3 3 3 3 3 3 3 3 3 3 3 3 3 3 3 3 3 3 3 3 2 2 2 2 2 2 2 
"2"
2 2 2 2 2 2 2 2 2 3 4 3 2 2 2 2 2 2 2 2 2 2 2 2 2 2 3 2 2 2 2 2 2 2 2 2 
2 2 2 2 2 2 2 2 3 6 7 6 4 2 2 2 2 2 2 2 2 2 2 2 2 5 6 4 2 2 2 2 2 2 2 2 
2 2 2 2 2 2 2 2 4 7 8 8 7 4 2 2 2 2 2 2 2 2 2 2 3 6 8 6 3 2 2 2 2 2 2 2 
2 2 2 2 2 2 2 2 4 7 8 8 8 7 4 2 2 2 2 2 2 2 2 2 2 4 7 8 5 2 2 2 2 2 2 2 
2 2 2 2 2 2 2 2 4 7 8 8 8 8 7 4 2 2 2 2 2 2 2 2 2 2 5 8 7 3 2 2 2 2 2 2 
2 2 2 2 2 2 2 2 4 7 8 6 7 8 8 7 4 2 2 2 2 2 2 2 2 2 4 8 7 4 2 2 2 2 2 2 
2 2 2 2 2 2 2 2 4 7 8 5 4 7 8 8 7 4 2 2 2 2 2 2 2 2 4 7 8 4 2 2 2 2 2 2 
2 2 2 2 2 2 2 2 4 7 8 4 2 4 6 8 8 7 5 3 2 2 2 2 2 2 4 8 8 4 2 2 2 2 2 2 
2 2 2 2 2 2 2 2 4 7 8 4 2 2 4 6 8 8 8 6 4 3 2 2 2 4 6 8 7 4 2 2 2 2 2 2 
2 2 2 2 2 2 2 2 4 7 8 4 2 2 2 3 6 8 8 8 7 6 5 4 5 7 8 8 6 2 2 2 2 2 2 2 
2 2 2 2 2 2 2 2 4 7 8 4 2 2 2 2 3 5 7 8 8 8 8 8 8 8 8 6 4 2 2 2 2 2 2 2 
2 2 2 2 2 2 2 2 4 7 7 4 2 2 2 2 2 2 4 5 7 8 8 8 8 7 6 4 2 2 2 2 2 2 2 2 
2 2 2 2 2 2 2 2 2 4 4 3 2 2 2 2 2 2 2 2 3 4 5 6 5 4 3 2 2 2 2 2 2 2 2 2 
"3"
2 2 2 2 2 2 2 2 2 2 2 2 2 2 2 2 2 2 2 2 2 2 2 2 2 2 2 3 3 2 2 2 2 2 2 2 
2 2 2 2 2 2 2 2 2 5 5 4 2 2 2 2 2 2 2 2 2 2 2 2 2 2 3 6 6 4 2 2 2 2 2 2 
2 2 2 2 2 2 2 2 4 7 8 5 2 2 2 2 2 2 2 2 2 2 2 2 2 2 4 7 8 4 2 2 2 2 2 2 
2 2 2 2 2 2 2 2 4 8 8 4 2 2 2 2 2 2 2 4 5 4 2 2 2 2 4 7 8 4 2 2 2 2 2 2 
2 2 2 2 2 2 2 2 4 8 7 4 2 2 2 2 2 2 3 6 8 7 5 3 2 2 4 7 8 4 2 2 2 2 2 2 
2 2 2 2 2 2 2 2 4 8 7 4 2 2 2 2 2 2 3 6 8 8 8 5 3 2 4 7 8 4 2 2 2 2 2 2 
2 2 2 2 2 2 2 2 4 8 8 4 2 2 2 2 2 2 3 7 8 8 8 8 6 4 4 7 8 4 2 2 2 2 2 2 
2 2 2 2 2 2 2 2 3 7 8 6 3 2 2 2 2 2 4 8 8 7 7 8 8 7 6 8 8 4 2 2 2 2 2 2 
2 2 2 2 2 2 2 2 3 6 8 8 6 3 2 2 2 3 6 8 8 5 4 6 8 8 8 8 8 4 2 2 2 2 2 2 
2 2 2 2 2 2 2 2 2 4 7 8 8 6 5 4 5 6 8 8 7 3 2 3 6 8 8 8 8 4 2 2 2 2 2 2 
2 2 2 2 2 2 2 2 2 3 5 8 8 8 8 8 8 8 8 8 5 2 2 2 3 5 7 8 8 4 2 2 2 2 2 2 
2 2 2 2 2 2 2 2 2 2 3 5 7 8 8 8 8 8 7 5 3 2 2 2 2 2 4 6 6 4 2 2 2 2 2 2 
2 2 2 2 2 2 2 2 2 2 2 2 4 5 6 6 6 6 4 2 2 2 2 2 2 2 2 2 2 2 2 2 2 2 2 2 
2 2 2 2 2 2 2 2 2 2 2 2 2 2 3 3 3 2 2 2 2 2 2 2 2 2 2 2 2 2 2 2 2 2 2 2 
"4"
2 2 2 2 2 2 2 2 2 2 2 2 2 3 3 2 2 2 2 2 2 2 2 2 2 2 2 2 2 2 2 2 2 2 2 2 
2 2 2 2 2 2 2 2 2 2 2 2 3 6 6 5 4 2 2 2 2 2 2 2 2 2 2 2 2 2 2 2 2 2 2 2 
2 2 2 2 2 2 2 2 2 2 2 2 4 7 8 8 7 6 4 2 2 2 2 2 2 2 2 2 2 2 2 2 2 2 2 2 
2 2 2 2 2 2 2 2 2 2 2 2 4 7 8 8 8 8 7 6 4 3 2 2 2 2 2 2 2 2 2 2 2 2 2 2 
2 2 2 2 2 2 2 2 2 2 2 2 4 7 8 7 7 8 8 8 7 6 4 3 2 2 2 2 2 2 2 2 2 2 2 2 
2 2 2 2 2 2 2 2 2 2 2 2 4 7 8 5 4 5 7 8 8 8 8 6 4 3 2 2 2 2 2 2 2 2 2 2 
2 2 2 2 2 2 2 2 2 2 2 2 4 7 8 4 2 2 4 5 6 8 8 8 8 6 5 3 2 2 2 2 2 2 2 2 
2 2 2 2 2 2 2 2 2 2 2 2 4 7 8 4 2 2 2 2 3 4 6 8 8 8 8 6 5 3 2 2 2 2 2 2 
2 2 2 2 2 2 2 2 2 2 2 2 4 7 8 4 2 2 2 2 2 2 3 4 6 7 8 8 7 4 2 2 2 2 2 2 
2 2 2 2 2 2 2 2 2 3 3 3 4 7 8 5 3 3 3 3 3 3 2 2 2 4 5 7 7 4 2 2 2 2 2 2 
2 2 2 2 2 2 2 2 3 6 6 6 7 8 8 7 6 6 6 6 6 6 5 2 2 2 2 3 4 4 2 2 2 2 2 2 
2 2 2 2 2 2 2 2 4 7 8 8 8 8 8 8 8 8 8 8 8 8 6 3 2 2 2 2 2 2 2 2 2 2 2 2 
2 2 2 2 2 2 2 2 3 6 6 6 7 8 8 7 6 6 6 6 6 6 5 2 2 2 2 2 2 2 2 2 2 2 2 2 
2 2 2 2 2 2 2 2 2 3 3 3 4 7 8 5 3 3 3 3 3 3 2 2 2 2 2 2 2 2 2 2 2 2 2 2 
2 2 2 2 2 2 2 2 2 2 2 2 4 7 8 4 2 2 2 2 2 2 2 2 2 2 2 2 2 2 2 2 2 2 2 2 
2 2 2 2 2 2 2 2 2 2 2 2 3 5 5 3 2 2 2 2 2 2 2 2 2 2 2 2 2 2 2 2 2 2 2 2 
"5"
2 2 2 2 2 2 2 2 2 3 4 3 2 2 2 2 2 2 2 2 2 2 2 2 2 2 2 2 2 2 2 2 2 2 2 2 
2 2 2 2 2 2 2 2 3 6 7 5 2 2 2 2 2 2 2 4 4 4 3 3 3 3 2 2 2 2 2 2 2 2 2 2 
2 2 2 2 2 2 2 2 4 8 8 5 2 2 2 2 2 2 3 6 7 7 7 6 6 6 6 6 5 3 2 2 2 2 2 2 
2 2 2 2 2 2 2 2 4 8 8 4 2 2 2 2 2 2 3 6 8 8 8 8 8 8 8 8 8 4 2 2 2 2 2 2 
2 2 2 2 2 2 2 2 4 8 7 4 2 2 2 2 2 2 3 6 8 7 6 6 6 7 7 8 8 4 2 2 2 2 2 2 
2 2 2 2 2 2 2 2 4 8 7 4 2 2 2 2 2 2 3 7 8 6 3 3 3 3 5 8 8 4 2 2 2 2 2 2 
2 2 2 2 2 2 2 2 4 8 8 5 2 2 2 2 2 2 4 7 8 5 2 2 2 2 4 7 8 4 2 2 2 2 2 2 
2 2 2 2 2 2 2 2 3 7 8 7 3 2 2 2 2 2 5 8 8 5 2 2 2 2 4 7 8 4 2 2 2 2 2 2 
2 2 2 2 2 2 2 2 2 6 8 8 6 4 2 2 3 4 7 8 7 4 2 2 2 2 4 7 8 4 2 2 2 2 2 2 
2 2 2 2 2 2 2 2 2 4 7 8 8 7 6 6 6 7 8 8 6 3 2 2 2 2 4 7 8 4 2 2 2 2 2 2 
2 2 2 2 2 2 2 2 2 2 5 7 8 8 8 8 8 8 8 7 4 2 2 2 2 2 4 7 8 4 2 2 2 2 2 2 
2 2 2 2 2 2 2 2 2 2 2 4 6 8 8 8 8 8 6 4 2 2 2 2 2 2 3 5 5 3 2 2 2 2 2 2 
2 2 2 2 2 2 2 2 2 2 2 2 3 4 5 6 5 4 3 2 2 2 2 2 2 2 2 2 2 2 2 2 2 2 2 2 
"6"
2 2 2 2 2 2 2 2 2 2 2 2 2 2 3 4 4 4 4 4 4 4 3 2 2 2 2 2 2 2 2 2 2 2 2 2 
2 2 2 2 2 2 2 2 2 2 2 3 4 6 7 7 8 8 8 8 8 7 7 6 4 3 2 2 2 2 2 2 2 2 2 2 
2 2 2 2 2 2 2 2 2 2 4 6 8 8 8 8 8 8 8 8 8 8 8 8 8 6 4 2 2 2 2 2 2 2 2 2 
2 2 2 2 2 2 2 2 2 4 6 8 8 8 7 7 6 7 8 8 8 7 7 8 8 8 7 4 2 2 2 2 2 2 2 2 
2 2 2 2 2 2 2 2 2 6 8 8 7 5 4 3 3 3 6 8 7 4 3 4 6 8 8 7 4 2 2 2 2 2 2 2 
2 2 2 2 2 2 2 2 4 7 8 6 4 2 2 2 2 2 4 7 8 4 2 2 3 5 7 8 6 2 2 2 2 2 2 2 
2 2 2 2 2 2 2 2 4 8 8 4 2 2 2 2 2 2 3 7 8 5 2 2 2 3 6 8 7 4 2 2 2 2 2 2 
2 2 2 2 2 2 2 2 4 8 7 4 2 2 2 2 2 2 3 6 8 6 2 2 2 2 4 8 8 4 2 2 2 2 2 2 
2 2 2 2 2 2 2 2 4 8 8 5 2 2 2 2 2 2 4 7 8 6 2 2 2 2 4 7 8 4 2 2 2 2 2 2 
2 2 2 2 2 2 2 2 3 7 8 7 4 3 2 2 2 3 6 8 8 5 2 2 2 2 4 7 8 4 2 2 2 2 2 2 
2 2 2 2 2 2 2 2 2 5 8 8 8 6 6 6 6 7 8 8 7 4 2 2 2 2 4 7 7 4 2 2 2 2 2 2 
2 2 2 2 2 2 2 2 2 3 6 8 8 8 8 8 8 8 8 8 5 2 2 2 2 2 3 5 5 3 2 2 2 2 2 2 
2 2 2 2 2 2 2 2 2 2 3 5 7 8 8 8 8 8 7 5 3 2 2 2 2 2 2 2 2 2 2 2 2 2 2 2 
2 2 2 2 2 2 2 2 2 2 2 2 3 4 5 6 5 4 3 2 2 2 2 2 2 2 2 2 2 2 2 2 2 2 2 2 
"7"
2 2 2 2 2 2 2 2 2 2 2 2 2 2 2 2 2 2 2 2 2 2 2 2 2 2 2 3 4 2 2 2 2 2 2 2 
2 2 2 2 2 2 2 2 2 2 2 2 2 2 2 2 2 2 2 2 2 2 2 2 2 2 3 6 7 4 2 2 2 2 2 2 
2 2 2 2 2 2 2 2 3 6 5 4 2 2 2 2 2 2 2 2 2 2 2 2 2 2 4 7 8 4 2 2 2 2 2 2 
2 2 2 2 2 2 2 2 4 7 8 7 6 4 3 2 2 2 2 2 2 2 2 2 2 2 4 7 8 4 2 2 2 2 2 2 
2 2 2 2 2 2 2 2 3 6 8 8 8 8 6 5 4 2 2 2 2 2 2 2 2 2 4 7 8 4 2 2 2 2 2 2 
2 2 2 2 2 2 2 2 2 3 5 6 8 8 8 8 7 6 4 3 2 2 2 2 2 2 4 7 8 4 2 2 2 2 2 2 
2 2 2 2 2 2 2 2 2 2 2 3 4 6 7 8 8 8 8 6 5 4 2 2 2 2 4 7 8 4 2 2 2 2 2 2 
2 2 2 2 2 2 2 2 2 2 2 2 2 2 4 5 6 8 8 8 8 7 6 4 3 2 4 7 8 4 2 2 2 2 2 2 
2 2 2 2 2 2 2 2 2 2 2 2 2 2 2 2 3 4 6 7 8 8 8 8 6 5 5 8 8 4 2 2 2 2 2 2 
2 2 2 2 2 2 2 2 2 2 2 2 2 2 2 2 2 2 2 4 5 6 8 8 8 8 8 8 8 4 2 2 2 2 2 2 
2 2 2 2 2 2 2 2 2 2 2 2 2 2 2 2 2 2 2 2 2 3 4 6 7 8 8 8 8 4 2 2 2 2 2 2 
2 2 2 2 2 2 2 2 2 2 2 2 2 2 2 2 2 2 2 2 2 2 2 2 4 5 6 7 7 4 2 2 2 2 2 2 
2 2 2 2 2 2 2 2 2 2 2 2 2 2 2 2 2 2 2 2 2 2 2 2 2 2 3 4 4 2 2 2 2 2 2 2 
"8"
2 2 2 2 2 2 2 2 2 2 2 2 2 2 3 3 3 2 2 2 2 2 2 2 2 2 2 2 2 2 2 2 2 2 2 2 
2 2 2 2 2 2 2 2 2 2 2 2 4 5 6 5 4 2 2 2 2 2 2 2 2 2 2 2 2 2 2 2 2 2 2 2 
2 2 2 2 2 2 2 2 2 2 3 5 7 8 8 8 7 5 3 2 2 2 4 5 6 5 4 3 2 2 2 2 2 2 2 2 
2 2 2 2 2 2 2 2 2 2 5 8 8 8 8 8 8 8 6 3 3 5 7 8 8 8 7 5 3 2 2 2 2 2 2 2 
2 2 2 2 2 2 2 2 2 4 7 8 7 6 5 5 7 8 8 6 6 8 8 8 7 8 8 8 5 2 2 2 2 2 2 2 
2 2 2 2 2 2 2 2 2 6 8 7 4 2 2 2 4 6 8 8 8 8 6 4 4 4 6 8 6 3 2 2 2 2 2 2 
2 2 2 2 2 2 2 2 3 6 8 6 2 2 2 2 2 4 7 8 8 7 4 2 2 2 4 7 7 4 2 2 2 2 2 2 
2 2 2 2 2 2 2 2 4 7 8 5 2 2 2 2 2 2 6 8 8 5 2 2 2 2 2 6 8 4 2 2 2 2 2 2 
2 2 2 2 2 2 2 2 4 7 8 4 2 2 2 2 2 3 7 8 7 3 2 2 2 2 2 6 8 4 2 2 2 2 2 2 
2 2 2 2 2 2 2 2 4 7 8 5 2 2 2 2 2 5 8 8 7 4 2 2 2 2 3 7 8 4 2 2 2 2 2 2 
2 2 2 2 2 2 2 2 3 6 8 6 3 2 2 2 4 7 8 8 8 6 4 2 2 3 6 8 7 4 2 2 2 2 2 2 
2 2 2 2 2 2 2 2 2 6 8 8 6 3 3 4 7 8 8 7 7 8 7 6 6 6 8 8 6 3 2 2 2 2 2 2 
2 2 2 2 2 2 2 2 2 4 7 8 8 7 7 7 8 8 8 5 5 7 8 8 8 8 8 7 4 2 2 2 2 2 2 2 
2 2 2 2 2 2 2 2 2 2 4 7 8 8 8 8 8 8 5 3 2 4 6 8 8 8 6 4 2 2 2 2 2 2 2 2 
2 2 2 2 2 2 2 2 2 2 2 4 6 8 8 8 7 5 3 2 2 2 3 4 4 4 3 2 2 2 2 2 2 2 2 2 
2 2 2 2 2 2 2 2 2 2 2 2 3 4 4 4 3 2 2 2 2 2 2 2 2 2 2 2 2 2 2 2 2 2 2 2 
"9" 57
2 2 2 2 2 2 2 2 2 2 2 2 2 2 2 2 2 2 2 3 4 4 4 4 4 3 2 2 2 2 2 2 2 2 2 2 
2 2 2 2 2 2 2 2 2 3 3 2 2 2 2 2 2 2 4 6 7 8 8 8 7 6 4 2 2 2 2 2 2 2 2 2 
2 2 2 2 2 2 2 2 2 5 6 4 2 2 2 2 2 4 7 8 8 8 8 8 8 8 7 5 3 2 2 2 2 2 2 2 
2 2 2 2 2 2 2 2 3 6 7 4 2 2 2 2 3 7 8 8 7 7 6 6 7 8 8 7 4 2 2 2 2 2 2 2 
2 2 2 2 2 2 2 2 3 7 7 4 2 2 2 2 4 8 8 6 4 3 3 3 4 5 7 8 6 3 2 2 2 2 2 2 
2 2 2 2 2 2 2 2 4 7 7 4 2 2 2 2 5 8 7 4 2 2 2 2 2 2 5 8 8 4 2 2 2 2 2 2 
2 2 2 2 2 2 2 2 4 7 8 4 2 2 2 2 6 8 6 3 2 2 2 2 2 2 4 7 8 4 2 2 2 2 2 2 
2 2 2 2 2 2 2 2 3 6 8 5 2 2 2 2 5 8 6 3 2 2 2 2 2 2 4 7 8 4 2 2 2 2 2 2 
2 2 2 2 2 2 2 2 2 6 8 7 4 2 2 2 4 8 7 4 2 2 2 2 2 3 6 8 7 4 2 2 2 2 2 2 
2 2 2 2 2 2 2 2 2 4 7 8 7 5 3 3 4 7 8 5 3 2 2 3 4 6 8 8 6 3 2 2 2 2 2 2 
2 2 2 2 2 2 2 2 2 2 4 7 8 8 7 6 6 8 8 7 6 6 6 7 7 8 8 7 4 2 2 2 2 2 2 2 
2 2 2 2 2 2 2 2 2 2 2 4 7 8 8 8 8 8 8 8 8 8 8 8 8 8 7 4 2 2 2 2 2 2 2 2 
2 2 2 2 2 2 2 2 2 2 2 2 4 5 7 8 8 8 8 8 8 8 8 7 7 5 4 2 2 2 2 2 2 2 2 2 
2 2 2 2 2 2 2 2 2 2 2 2 2 2 3 4 5 5 6 6 6 5 4 4 3 2 2 2 2 2 2 2 2 2 2 2 
":" 58
2 2 2 2 2 2 2 2 3 5 6 5 3 2 2 2 2 2 2 2 4 6 6 4 2 2 2 2 2 2 2 2 2 2 2 2 
2 2 2 2 2 2 2 2 4 7 8 8 4 2 2 2 2 2 2 2 6 8 8 6 3 2 2 2 2 2 2 2 2 2 2 2 
2 2 2 2 2 2 2 2 4 7 8 8 4 2 2 2 2 2 2 2 6 8 8 6 3 2 2 2 2 2 2 2 2 2 2 2 
2 2 2 2 2 2 2 2 3 5 6 5 3 2 2 2 2 2 2 2 4 6 6 4 2 2 2 2 2 2 2 2 2 2 2 2 
";" 59
2 2 2 2 2 4 3 3 2 2 2 2 2 2 2 2 2 2 2 2 2 2 2 2 2 2 2 2 2 2 2 2 2 2 2 2 
2 2 2 2 3 6 7 6 5 4 3 3 2 2 2 2 2 2 2 2 2 2 2 2 2 2 2 2 2 2 2 2 2 2 2 2 
2 2 2 2 3 6 8 8 8 8 7 6 4 2 2 2 2 2 2 2 4 6 6 4 2 2 2 2 2 2 2 2 2 2 2 2 
2 2 2 2 2 4 5 6 8 8 8 8 4 2 2 2 2 2 2 2 6 8 8 6 3 2 2 2 2 2 2 2 2 2 2 2 
2 2 2 2 2 2 2 3 4 6 7 7 4 2 2 2 2 2 2 2 6 8 8 6 3 2 2 2 2 2 2 2 2 2 2 2 
2 2 2 2 2 2 2 2 2 2 3 4 3 2 2 2 2 2 2 2 4 6 6 4 2 2 2 2 2 2 2 2 2 2 2 2 
"<" 60
"=" 61
">" 62
"?" 63
2 2 2 2 2 2 2 2 2 2 2 2 2 2 2 2 2 2 2 2 2 2 2 2 2 4 4 3 2 2 2 2 2 2 2 2 
2 2 2 2 2 2 2 2 2 2 2 2 2 2 2 2 2 2 2 2 2 2 2 2 4 7 7 5 3 2 2 2 2 2 2 2 
2 2 2 2 2 2 2 2 2 2 2 2 2 2 2 2 2 2 2 2 2 2 2 2 4 7 8 8 5 2 2 2 2 2 2 2 
2 2 2 2 2 2 2 2 2 3 4 4 2 2 2 3 3 3 2 2 2 2 2 2 2 5 7 8 6 3 2 2 2 2 2 2 
2 2 2 2 2 2 2 2 3 6 7 7 4 2 3 6 7 6 5 4 2 2 2 2 2 2 6 8 8 4 2 2 2 2 2 2 
2 2 2 2 2 2 2 2 4 7 8 8 4 2 4 7 8 8 8 7 4 2 2 2 2 2 5 8 8 4 2 2 2 2 2 2 
2 2 2 2 2 2 2 2 3 6 6 6 4 2 3 6 7 8 8 8 7 5 2 2 2 2 5 8 8 4 2 2 2 2 2 2 
2 2 2 2 2 2 2 2 2 3 3 3 2 2 2 3 3 4 6 8 8 7 5 3 2 4 7 8 7 4 2 2 2 2 2 2 
2 2 2 2 2 2 2 2 2 2 2 2 2 2 2 2 2 2 3 5 8 8 8 6 6 7 8 8 6 3 2 2 2 2 2 2 
2 2 2 2 2 2 2 2 2 2 2 2 2 2 2 2 2 2 2 3 5 7 8 8 8 8 8 7 4 2 2 2 2 2 2 2 
2 2 2 2 2 2 2 2 2 2 2 2 2 2 2 2 2 2 2 2 2 4 7 8 8 8 7 5 2 2 2 2 2 2 2 2 
2 2 2 2 2 2 2 2 2 2 2 2 2 2 2 2 2 2 2 2 2 2 3 4 4 4 3 2 2 2 2 2 2 2 2 2 
"@" 64
2 2 2 2 2 2 2 2 2 2 2 2 2 2 2 2 2 3 4 4 4 3 3 2 2 2 2 2 2 2 2 2 2 2 2 2 
2 2 2 2 2 2 2 2 2 2 2 2 2 2 4 5 6 7 7 7 7 7 6 5 4 2 2 2 2 2 2 2 2 2 2 2 
2 2 2 2 2 2 2 2 2 2 2 2 3 5 7 8 8 8 7 7 7 8 8 8 7 6 4 2 2 2 2 2 2 2 2 2 
2 2 2 2 2 2 2 2 2 2 2 4 6 8 8 6 5 4 4 4 4 4 5 6 8 8 6 4 2 2 2 2 2 2 2 2 
2 2 2 2 2 2 2 2 2 2 3 6 8 7 5 3 2 2 2 2 2 2 2 3 5 7 8 7 4 2 2 2 2 2 2 2 
2 2 2 2 2 2 2 2 2 3 6 8 7 4 2 2 3 4 4 4 3 2 2 2 2 4 7 8 6 3 2 2 2 2 2 2 
2 2 2 2 2 2 2 2 2 4 7 7 4 2 3 5 7 8 8 8 7 5 4 2 2 2 4 7 8 5 2 2 2 2 2 2 
2 2 2 2 2 2 2 2 2 6 8 6 3 2 5 8 8 7 7 7 8 8 6 4 2 2 2 5 8 6 3 2 2 2 2 2 
2 2 2 2 2 2 2 2 3 7 8 4 2 3 6 8 6 4 3 3 4 7 8 6 3 2 2 4 7 8 4 2 2 2 2 2 
2 2 2 2 2 2 2 2 4 7 7 3 2 3 7 8 5 2 2 2 2 4 7 8 5 2 2 3 6 8 5 2 2 2 2 2 
2 2 2 2 2 2 2 2 4 8 6 3 2 3 6 8 5 2 2 2 2 2 5 8 6 3 2 2 6 8 6 2 2 2 2 2 
2 2 2 2 2 2 2 2 4 8 6 3 2 2 4 7 6 3 2 2 2 2 5 8 6 3 2 2 6 8 6 2 2 2 2 2 
2 2 2 2 2 2 2 2 4 8 6 3 2 2 5 7 8 6 4 3 2 3 6 8 5 2 2 2 6 8 5 2 2 2 2 2 
2 2 2 2 2 2 2 2 4 7 7 3 2 3 7 8 8 8 7 6 6 7 8 7 4 2 2 3 6 8 4 2 2 2 2 2 
2 2 2 2 2 2 2 2 3 7 8 4 2 4 7 8 6 6 6 7 8 8 8 7 4 2 2 4 7 7 4 2 2 2 2 2 
2 2 2 2 2 2 2 2 2 5 8 6 3 3 6 7 3 2 3 4 5 6 7 7 5 2 3 6 8 6 3 2 2 2 2 2 
2 2 2 2 2 2 2 2 2 4 7 7 4 3 5 7 4 2 2 2 2 2 3 4 3 3 5 8 7 4 2 2 2 2 2 2 
2 2 2 2 2 2 2 2 2 2 4 7 7 4 4 7 7 4 2 2 2 2 2 2 3 5 7 8 5 2 2 2 2 2 2 2 
2 2 2 2 2 2 2 2 2 2 2 5 7 4 2 4 7 7 6 4 4 4 4 5 6 8 8 5 3 2 2 2 2 2 2 2 
2 2 2 2 2 2 2 2 2 2 2 2 4 4 2 2 4 6 7 7 7 7 7 8 8 7 5 3 2 2 2 2 2 2 2 2 
2 2 2 2 2 2 2 2 2 2 2 2 2 2 2 2 2 3 4 6 6 6 6 6 5 4 2 2 2 2 2 2 2 2 2 2 
2 2 2 2 2 2 2 2 2 2 2 2 2 2 2 2 2 2 2 2 3 3 3 2 2 2 2 2 2 2 2 2 2 2 2 2 
"A" 65
2 2 2 2 2 2 2 2 2 3 3 2 2 2 2 2 2 2 2 2 2 2 2 2 2 2 2 2 2 2 2 2 2 2 2 2 
2 2 2 2 2 2 2 2 3 6 6 5 4 3 2 2 2 2 2 2 2 2 2 2 2 2 2 2 2 2 2 2 2 2 2 2 
2 2 2 2 2 2 2 2 4 7 8 8 7 6 5 4 3 2 2 2 2 2 2 2 2 2 2 2 2 2 2 2 2 2 2 2 
2 2 2 2 2 2 2 2 3 6 8 8 8 8 8 7 6 5 4 3 2 2 2 2 2 2 2 2 2 2 2 2 2 2 2 2 
2 2 2 2 2 2 2 2 2 3 4 5 6 7 8 8 8 8 7 6 5 4 3 2 2 2 2 2 2 2 2 2 2 2 2 2 
2 2 2 2 2 2 2 2 2 2 2 2 3 4 5 8 8 8 8 8 8 7 6 6 4 3 2 2 2 2 2 2 2 2 2 2 
2 2 2 2 2 2 2 2 2 2 2 2 2 2 4 7 8 6 6 7 8 8 8 8 8 7 6 4 3 2 2 2 2 2 2 2 
2 2 2 2 2 2 2 2 2 2 2 2 2 2 4 7 8 5 3 3 4 6 7 8 8 8 8 8 6 4 2 2 2 2 2 2 
2 2 2 2 2 2 2 2 2 2 2 2 2 2 4 7 8 4 2 2 2 2 4 5 7 8 8 8 8 4 2 2 2 2 2 2 
2 2 2 2 2 2 2 2 2 2 2 2 2 2 4 7 8 4 2 2 3 4 5 6 8 8 8 8 7 4 2 2 2 2 2 2 
2 2 2 2 2 2 2 2 2 2 2 2 2 2 4 7 8 5 4 5 6 7 8 8 8 8 7 6 5 3 2 2 2 2 2 2 
2 2 2 2 2 2 2 2 2 2 2 2 2 3 5 8 8 8 7 8 8 8 8 7 6 4 4 3 2 2 2 2 2 2 2 2 
2 2 2 2 2 2 2 2 2 2 3 4 5 6 8 8 8 8 8 8 7 6 4 3 2 2 2 2 2 2 2 2 2 2 2 2 
2 2 2 2 2 2 2 2 3 5 6 7 8 8 8 8 8 7 6 4 3 2 2 2 2 2 2 2 2 2 2 2 2 2 2 2 
2 2 2 2 2 2 2 2 4 7 8 8 8 8 7 6 4 3 2 2 2 2 2 2 2 2 2 2 2 2 2 2 2 2 2 2 
2 2 2 2 2 2 2 2 4 7 7 6 5 4 3 2 2 2 2 2 2 2 2 2 2 2 2 2 2 2 2 2 2 2 2 2 
2 2 2 2 2 2 2 2 3 4 4 3 2 2 2 2 2 2 2 2 2 2 2 2 2 2 2 2 2 2 2 2 2 2 2 2 
"B"
2 2 2 2 2 2 2 2 2 3 4 4 4 4 4 4 4 4 4 4 4 4 4 4 4 4 4 4 4 2 2 2 2 2 2 2 
2 2 2 2 2 2 2 2 3 6 7 7 7 7 7 7 7 7 7 7 7 7 7 7 7 7 7 7 7 4 2 2 2 2 2 2 
2 2 2 2 2 2 2 2 4 7 8 8 8 8 8 8 8 8 8 8 8 8 8 8 8 8 8 8 8 4 2 2 2 2 2 2 
2 2 2 2 2 2 2 2 4 7 8 7 6 6 6 6 6 6 8 8 7 6 6 6 6 6 6 8 8 4 2 2 2 2 2 2 
2 2 2 2 2 2 2 2 4 7 8 5 2 2 2 2 2 3 6 8 6 3 2 2 2 2 4 7 8 4 2 2 2 2 2 2 
2 2 2 2 2 2 2 2 4 7 8 4 2 2 2 2 2 3 6 8 6 2 2 2 2 2 4 7 8 4 2 2 2 2 2 2 
2 2 2 2 2 2 2 2 4 7 8 4 2 2 2 2 2 3 6 8 6 2 2 2 2 2 4 7 8 4 2 2 2 2 2 2 
2 2 2 2 2 2 2 2 4 7 8 4 2 2 2 2 2 3 6 8 7 4 2 2 2 2 5 8 8 4 2 2 2 2 2 2 
2 2 2 2 2 2 2 2 3 7 8 5 2 2 2 2 2 4 7 8 8 6 5 4 4 5 7 8 7 3 2 2 2 2 2 2 
2 2 2 2 2 2 2 2 3 6 8 7 4 2 2 2 3 6 8 7 7 8 8 7 7 8 8 8 6 2 2 2 2 2 2 2 
2 2 2 2 2 2 2 2 2 5 8 8 7 5 4 5 6 8 8 5 5 7 8 8 8 8 7 6 3 2 2 2 2 2 2 2 
2 2 2 2 2 2 2 2 2 3 6 8 8 8 8 8 8 8 6 3 2 3 4 5 6 5 4 3 2 2 2 2 2 2 2 2 
2 2 2 2 2 2 2 2 2 2 4 6 8 8 8 8 8 6 4 2 2 2 2 2 2 2 2 2 2 2 2 2 2 2 2 2 
2 2 2 2 2 2 2 2 2 2 2 3 4 5 6 5 4 3 2 2 2 2 2 2 2 2 2 2 2 2 2 2 2 2 2 2 
"C"
2 2 2 2 2 2 2 2 2 2 2 2 2 2 2 3 4 4 4 4 4 4 3 2 2 2 2 2 2 2 2 2 2 2 2 2 
2 2 2 2 2 2 2 2 2 2 2 2 2 4 6 7 7 8 8 8 8 7 7 6 4 2 2 2 2 2 2 2 2 2 2 2 
2 2 2 2 2 2 2 2 2 2 2 3 6 7 8 8 8 8 8 8 8 8 8 8 7 6 4 2 2 2 2 2 2 2 2 2 
2 2 2 2 2 2 2 2 2 2 4 6 8 8 8 8 7 6 6 6 6 7 8 8 8 8 6 4 2 2 2 2 2 2 2 2 
2 2 2 2 2 2 2 2 2 3 6 8 8 7 5 4 3 3 3 3 3 3 4 5 7 8 8 6 4 2 2 2 2 2 2 2 
2 2 2 2 2 2 2 2 2 6 8 8 6 4 2 2 2 2 2 2 2 2 2 2 4 6 8 8 6 2 2 2 2 2 2 2 
2 2 2 2 2 2 2 2 3 7 8 6 3 2 2 2 2 2 2 2 2 2 2 2 2 3 6 8 7 3 2 2 2 2 2 2 
2 2 2 2 2 2 2 2 4 8 8 4 2 2 2 2 2 2 2 2 2 2 2 2 2 2 5 8 8 4 2 2 2 2 2 2 
2 2 2 2 2 2 2 2 4 8 7 4 2 2 2 2 2 2 2 2 2 2 2 2 2 2 4 7 8 4 2 2 2 2 2 2 
2 2 2 2 2 2 2 2 4 8 7 4 2 2 2 2 2 2 2 2 2 2 2 2 2 2 4 7 8 4 2 2 2 2 2 2 
2 2 2 2 2 2 2 2 4 7 8 5 2 2 2 2 2 2 2 2 2 2 2 2 2 2 5 8 7 4 2 2 2 2 2 2 
2 2 2 2 2 2 2 2 3 6 8 6 3 2 2 2 2 2 2 2 2 2 2 2 2 2 6 8 6 3 2 2 2 2 2 2 
2 2 2 2 2 2 2 2 2 4 7 6 3 2 2 2 2 2 2 2 2 2 2 2 2 2 4 6 4 2 2 2 2 2 2 2 
2 2 2 2 2 2 2 2 2 2 4 3 2 2 2 2 2 2 2 2 2 2 2 2 2 2 2 3 2 2 2 2 2 2 2 2 
"D"
2 2 2 2 2 2 2 2 2 3 4 4 4 4 4 4 4 4 4 4 4 4 4 4 4 4 4 4 4 2 2 2 2 2 2 2 
2 2 2 2 2 2 2 2 3 6 7 7 7 7 7 7 7 7 7 7 7 7 7 7 7 7 7 7 7 4 2 2 2 2 2 2 
2 2 2 2 2 2 2 2 4 7 8 8 8 8 8 8 8 8 8 8 8 8 8 8 8 8 8 8 8 4 2 2 2 2 2 2 
2 2 2 2 2 2 2 2 4 7 8 7 6 6 6 6 6 6 6 6 6 6 6 6 6 6 6 8 8 4 2 2 2 2 2 2 
2 2 2 2 2 2 2 2 4 7 8 5 2 2 2 2 2 2 2 2 2 2 2 2 2 2 4 7 8 4 2 2 2 2 2 2 
2 2 2 2 2 2 2 2 4 7 8 4 2 2 2 2 2 2 2 2 2 2 2 2 2 2 4 7 8 4 2 2 2 2 2 2 
2 2 2 2 2 2 2 2 4 7 8 5 2 2 2 2 2 2 2 2 2 2 2 2 2 2 4 7 8 4 2 2 2 2 2 2 
2 2 2 2 2 2 2 2 3 7 8 6 2 2 2 2 2 2 2 2 2 2 2 2 2 2 5 8 8 4 2 2 2 2 2 2 
2 2 2 2 2 2 2 2 2 6 8 7 4 2 2 2 2 2 2 2 2 2 2 2 2 4 6 8 7 3 2 2 2 2 2 2 
2 2 2 2 2 2 2 2 2 4 7 8 7 4 3 2 2 2 2 2 2 2 2 2 4 6 8 8 5 2 2 2 2 2 2 2 
2 2 2 2 2 2 2 2 2 3 5 8 8 7 6 4 4 3 3 3 3 3 4 6 7 8 8 6 4 2 2 2 2 2 2 2 
2 2 2 2 2 2 2 2 2 2 3 5 8 8 8 8 7 7 6 6 6 7 8 8 8 8 7 4 2 2 2 2 2 2 2 2 
2 2 2 2 2 2 2 2 2 2 2 3 4 6 8 8 8 8 8 8 8 8 8 8 7 6 4 2 2 2 2 2 2 2 2 2 
2 2 2 2 2 2 2 2 2 2 2 2 2 3 4 6 6 7 7 7 7 7 6 5 4 2 2 2 2 2 2 2 2 2 2 2 
2 2 2 2 2 2 2 2 2 2 2 2 2 2 2 2 3 3 4 4 4 3 3 2 2 2 2 2 2 2 2 2 2 2 2 2 
"E"
2 2 2 2 2 2 2 2 2 3 4 4 4 4 4 4 4 4 4 4 4 4 4 4 4 4 4 4 4 2 2 2 2 2 2 2 
2 2 2 2 2 2 2 2 3 6 7 7 7 7 7 7 7 7 7 7 7 7 7 7 7 7 7 7 7 4 2 2 2 2 2 2 
2 2 2 2 2 2 2 2 4 7 8 8 8 8 8 8 8 8 8 8 8 8 8 8 8 8 8 8 8 4 2 2 2 2 2 2 
2 2 2 2 2 2 2 2 4 7 8 7 6 6 6 6 6 6 8 8 7 6 6 6 6 6 6 8 8 4 2 2 2 2 2 2 
2 2 2 2 2 2 2 2 4 7 8 5 2 2 2 2 2 3 6 8 6 3 2 2 2 2 4 7 8 4 2 2 2 2 2 2 
2 2 2 2 2 2 2 2 4 7 8 4 2 2 2 2 2 3 6 8 6 2 2 2 2 2 4 7 8 4 2 2 2 2 2 2 
2 2 2 2 2 2 2 2 4 7 8 4 2 2 2 2 2 3 6 8 6 2 2 2 2 2 4 7 8 4 2 2 2 2 2 2 
2 2 2 2 2 2 2 2 4 7 8 4 2 2 2 2 2 3 6 8 6 2 2 2 2 2 4 7 8 4 2 2 2 2 2 2 
2 2 2 2 2 2 2 2 4 7 8 4 2 2 2 2 2 3 6 8 6 2 2 2 2 2 4 7 8 4 2 2 2 2 2 2 
2 2 2 2 2 2 2 2 4 7 8 4 2 2 2 2 2 3 6 7 5 2 2 2 2 2 4 7 8 4 2 2 2 2 2 2 
2 2 2 2 2 2 2 2 4 7 8 4 2 2 2 2 2 2 3 4 3 2 2 2 2 2 4 7 8 4 2 2 2 2 2 2 
2 2 2 2 2 2 2 2 3 5 5 3 2 2 2 2 2 2 2 2 2 2 2 2 2 2 3 5 5 3 2 2 2 2 2 2 
"F"
2 2 2 2 2 2 2 2 2 3 4 4 4 4 4 4 4 4 4 4 4 4 4 4 4 4 4 4 4 2 2 2 2 2 2 2 
2 2 2 2 2 2 2 2 3 6 7 7 7 7 7 7 7 7 7 7 7 7 7 7 7 7 7 7 7 4 2 2 2 2 2 2 
2 2 2 2 2 2 2 2 4 7 8 8 8 8 8 8 8 8 8 8 8 8 8 8 8 8 8 8 8 4 2 2 2 2 2 2 
2 2 2 2 2 2 2 2 3 5 6 6 6 6 6 6 6 6 8 8 7 6 6 6 6 6 6 8 8 4 2 2 2 2 2 2 
2 2 2 2 2 2 2 2 2 2 2 2 2 2 2 2 2 3 6 8 6 3 2 2 2 2 4 7 8 4 2 2 2 2 2 2 
2 2 2 2 2 2 2 2 2 2 2 2 2 2 2 2 2 3 6 8 6 2 2 2 2 2 4 7 8 4 2 2 2 2 2 2 
2 2 2 2 2 2 2 2 2 2 2 2 2 2 2 2 2 3 6 8 6 2 2 2 2 2 4 7 8 4 2 2 2 2 2 2 
2 2 2 2 2 2 2 2 2 2 2 2 2 2 2 2 2 3 6 8 6 2 2 2 2 2 4 7 8 4 2 2 2 2 2 2 
2 2 2 2 2 2 2 2 2 2 2 2 2 2 2 2 2 3 6 8 6 2 2 2 2 2 4 7 8 4 2 2 2 2 2 2 
2 2 2 2 2 2 2 2 2 2 2 2 2 2 2 2 2 3 6 7 5 2 2 2 2 2 4 7 8 4 2 2 2 2 2 2 
2 2 2 2 2 2 2 2 2 2 2 2 2 2 2 2 2 2 3 4 3 2 2 2 2 2 4 7 8 4 2 2 2 2 2 2 
2 2 2 2 2 2 2 2 2 2 2 2 2 2 2 2 2 2 2 2 2 2 2 2 2 2 3 5 5 3 2 2 2 2 2 2 
"G"
2 2 2 2 2 2 2 2 2 2 2 2 2 2 2 3 4 4 4 4 4 4 3 2 2 2 2 2 2 2 2 2 2 2 2 2 
2 2 2 2 2 2 2 2 2 2 2 2 2 4 6 7 7 8 8 8 8 7 7 6 4 2 2 2 2 2 2 2 2 2 2 2 
2 2 2 2 2 2 2 2 2 2 2 4 6 7 8 8 8 8 8 8 8 8 8 8 7 6 4 2 2 2 2 2 2 2 2 2 
2 2 2 2 2 2 2 2 2 2 4 6 8 8 8 8 7 6 6 6 6 7 8 8 8 8 6 4 2 2 2 2 2 2 2 2 
2 2 2 2 2 2 2 2 2 4 6 8 8 7 6 4 3 3 3 3 3 3 4 5 7 8 8 6 4 2 2 2 2 2 2 2 
2 2 2 2 2 2 2 2 2 6 8 8 6 4 2 2 2 2 2 2 2 2 2 2 4 6 8 8 6 2 2 2 2 2 2 2 
2 2 2 2 2 2 2 2 3 7 8 6 3 2 2 2 2 2 2 2 2 2 2 2 2 3 6 8 7 4 2 2 2 2 2 2 
2 2 2 2 2 2 2 2 4 8 8 5 2 2 2 2 2 2 4 3 2 2 2 2 2 2 5 8 8 4 2 2 2 2 2 2 
2 2 2 2 2 2 2 2 4 8 7 4 2 2 2 2 2 4 7 6 3 2 2 2 2 2 4 7 8 4 2 2 2 2 2 2 
2 2 2 2 2 2 2 2 4 8 7 4 2 2 2 2 2 4 8 7 4 2 2 2 2 2 4 7 8 4 2 2 2 2 2 2 
2 2 2 2 2 2 2 2 4 7 8 5 2 2 2 2 2 4 8 7 4 2 2 2 2 2 5 8 7 4 2 2 2 2 2 2 
2 2 2 2 2 2 2 2 3 6 8 7 5 4 4 4 4 6 8 7 4 2 2 2 2 3 7 8 6 3 2 2 2 2 2 2 
2 2 2 2 2 2 2 2 2 4 7 8 8 8 8 8 8 8 8 7 4 2 2 2 2 4 7 7 4 2 2 2 2 2 2 2 
2 2 2 2 2 2 2 2 2 3 6 8 8 8 8 8 8 8 8 7 4 2 2 2 2 3 5 5 3 2 2 2 2 2 2 2 
2 2 2 2 2 2 2 2 2 2 3 4 4 4 4 4 4 4 4 4 2 2 2 2 2 2 2 2 2 2 2 2 2 2 2 2 
"H"
2 2 2 2 2 2 2 2 2 3 4 4 4 4 4 4 4 4 4 4 4 4 4 4 4 4 4 4 4 2 2 2 2 2 2 2 
2 2 2 2 2 2 2 2 3 6 7 7 7 7 7 7 7 7 7 7 7 7 7 7 7 7 7 7 7 4 2 2 2 2 2 2 
2 2 2 2 2 2 2 2 4 7 8 8 8 8 8 8 8 8 8 8 8 8 8 8 8 8 8 8 8 4 2 2 2 2 2 2 
2 2 2 2 2 2 2 2 3 5 6 6 6 6 6 6 6 6 8 8 7 6 6 6 6 6 6 6 5 3 2 2 2 2 2 2 
2 2 2 2 2 2 2 2 2 2 2 2 2 2 2 2 2 3 6 8 6 3 2 2 2 2 2 2 2 2 2 2 2 2 2 2 
2 2 2 2 2 2 2 2 2 2 2 2 2 2 2 2 2 3 6 8 6 2 2 2 2 2 2 2 2 2 2 2 2 2 2 2 
2 2 2 2 2 2 2 2 2 2 2 2 2 2 2 2 2 3 6 8 6 2 2 2 2 2 2 2 2 2 2 2 2 2 2 2 
2 2 2 2 2 2 2 2 2 2 2 2 2 2 2 2 2 3 6 8 6 2 2 2 2 2 2 2 2 2 2 2 2 2 2 2 
2 2 2 2 2 2 2 2 2 2 2 2 2 2 2 2 2 3 6 8 6 2 2 2 2 2 2 2 2 2 2 2 2 2 2 2 
2 2 2 2 2 2 2 2 2 2 2 2 2 2 2 2 2 3 6 8 6 2 2 2 2 2 2 2 2 2 2 2 2 2 2 2 
2 2 2 2 2 2 2 2 2 4 4 4 4 4 4 4 4 5 7 8 7 5 4 4 4 4 4 4 4 3 2 2 2 2 2 2 
2 2 2 2 2 2 2 2 4 7 8 8 8 8 8 8 8 8 8 8 8 8 8 8 8 8 8 8 7 4 2 2 2 2 2 2 
2 2 2 2 2 2 2 2 4 7 8 8 8 8 8 8 8 8 8 8 8 8 8 8 8 8 8 8 8 4 2 2 2 2 2 2 
2 2 2 2 2 2 2 2 3 5 6 6 6 6 6 6 6 6 6 6 6 6 6 6 6 6 6 6 5 3 2 2 2 2 2 2 
"I" 73 no_kern
2 2 2 2 2 2 2 2 2 3 4 4 4 4 4 4 4 4 4 4 4 4 4 4 4 4 4 4 4 2 2 2 2 2 2 2 
2 2 2 2 2 2 2 2 3 6 7 7 7 7 7 7 7 7 7 7 7 7 7 7 7 7 7 7 7 4 2 2 2 2 2 2 
2 2 2 2 2 2 2 2 4 7 8 8 8 8 8 8 8 8 8 8 8 8 8 8 8 8 8 8 8 4 2 2 2 2 2 2 
2 2 2 2 2 2 2 2 3 5 6 6 6 6 6 6 6 6 6 6 6 6 6 6 6 6 6 6 5 3 2 2 2 2 2 2 
"J"
2 2 4 5 4 2 2 2 2 2 2 2 2 2 2 2 2 2 2 2 2 2 2 2 2 2 2 2 2 2 2 2 2 2 2 2 
2 2 5 8 7 3 2 2 2 2 2 2 2 2 2 2 2 2 2 2 2 2 2 2 2 2 2 2 2 2 2 2 2 2 2 2 
2 2 5 8 8 5 2 2 2 2 2 2 2 2 2 2 2 2 2 2 2 2 2 2 2 2 2 2 2 2 2 2 2 2 2 2 
2 2 4 7 8 7 4 2 2 2 2 2 2 2 2 2 2 2 2 2 2 2 2 2 2 2 2 2 2 2 2 2 2 2 2 2 
2 2 2 6 8 8 7 5 4 3 3 3 3 3 3 3 3 3 3 3 3 3 3 3 3 3 3 3 3 2 2 2 2 2 2 2 
2 2 2 3 6 8 8 8 7 6 6 6 6 6 6 6 6 6 6 6 6 6 6 6 6 6 6 6 6 4 2 2 2 2 2 2 
2 2 2 2 3 6 7 8 8 8 8 8 8 8 8 8 8 8 8 8 8 8 8 8 8 8 8 8 8 4 2 2 2 2 2 2 
2 2 2 2 2 2 4 5 6 6 6 6 6 6 6 6 6 6 6 6 6 6 6 6 6 6 6 6 6 4 2 2 2 2 2 2 
2 2 2 2 2 2 2 2 2 3 3 3 3 3 3 3 3 3 3 3 3 3 3 3 3 3 3 3 3 2 2 2 2 2 2 2 
"K"
2 2 2 2 2 2 2 2 2 3 4 4 4 4 4 4 4 4 4 4 4 4 4 4 4 4 4 4 4 2 2 2 2 2 2 2 
2 2 2 2 2 2 2 2 3 6 7 7 7 7 7 7 7 7 7 7 7 7 7 7 7 7 7 7 7 4 2 2 2 2 2 2 
2 2 2 2 2 2 2 2 4 7 8 8 8 8 8 8 8 8 8 8 8 8 8 8 8 8 8 8 8 4 2 2 2 2 2 2 
2 2 2 2 2 2 2 2 3 5 6 6 6 6 6 6 6 6 6 7 7 6 6 6 6 6 6 6 5 3 2 2 2 2 2 2 
2 2 2 2 2 2 2 2 2 2 2 2 2 2 2 2 3 4 6 8 7 4 3 2 2 2 2 2 2 2 2 2 2 2 2 2 
2 2 2 2 2 2 2 2 2 2 2 2 2 2 2 3 4 7 8 8 8 7 5 3 2 2 2 2 2 2 2 2 2 2 2 2 
2 2 2 2 2 2 2 2 2 2 2 2 2 2 4 6 8 8 8 7 8 8 8 6 4 2 2 2 2 2 2 2 2 2 2 2 
2 2 2 2 2 2 2 2 2 2 2 2 3 5 7 8 8 8 6 4 5 7 8 8 7 4 2 2 2 2 2 2 2 2 2 2 
2 2 2 2 2 2 2 2 2 2 2 4 6 8 8 8 7 4 3 2 2 4 6 8 8 7 5 3 2 2 2 2 2 2 2 2 
2 2 2 2 2 2 2 2 2 3 5 7 8 8 8 6 4 2 2 2 2 2 3 6 7 8 8 6 4 2 2 2 2 2 2 2 
2 2 2 2 2 2 2 2 3 6 8 8 8 7 4 3 2 2 2 2 2 2 2 2 4 7 8 8 7 4 2 2 2 2 2 2 
2 2 2 2 2 2 2 2 4 7 8 8 6 4 2 2 2 2 2 2 2 2 2 2 2 4 6 8 8 4 2 2 2 2 2 2 
2 2 2 2 2 2 2 2 4 7 7 4 3 2 2 2 2 2 2 2 2 2 2 2 2 2 3 5 7 4 2 2 2 2 2 2 
2 2 2 2 2 2 2 2 3 4 4 2 2 2 2 2 2 2 2 2 2 2 2 2 2 2 2 2 4 3 2 2 2 2 2 2 
"L"
2 2 2 2 2 2 2 2 2 3 4 4 4 4 4 4 4 4 4 4 4 4 4 4 4 4 4 4 4 2 2 2 2 2 2 2 
2 2 2 2 2 2 2 2 3 6 7 7 7 7 7 7 7 7 7 7 7 7 7 7 7 7 7 7 7 4 2 2 2 2 2 2 
2 2 2 2 2 2 2 2 4 7 8 8 8 8 8 8 8 8 8 8 8 8 8 8 8 8 8 8 8 4 2 2 2 2 2 2 
2 2 2 2 2 2 2 2 4 7 8 7 6 6 6 6 6 6 6 6 6 6 6 6 6 6 6 6 5 3 2 2 2 2 2 2 
2 2 2 2 2 2 2 2 4 7 8 5 2 2 2 2 2 2 2 2 2 2 2 2 2 2 2 2 2 2 2 2 2 2 2 2 
2 2 2 2 2 2 2 2 4 7 8 4 2 2 2 2 2 2 2 2 2 2 2 2 2 2 2 2 2 2 2 2 2 2 2 2 
2 2 2 2 2 2 2 2 4 7 8 4 2 2 2 2 2 2 2 2 2 2 2 2 2 2 2 2 2 2 2 2 2 2 2 2 
2 2 2 2 2 2 2 2 4 7 8 4 2 2 2 2 2 2 2 2 2 2 2 2 2 2 2 2 2 2 2 2 2 2 2 2 
2 2 2 2 2 2 2 2 4 7 8 4 2 2 2 2 2 2 2 2 2 2 2 2 2 2 2 2 2 2 2 2 2 2 2 2 
2 2 2 2 2 2 2 2 4 7 8 4 2 2 2 2 2 2 2 2 2 2 2 2 2 2 2 2 2 2 2 2 2 2 2 2 
2 2 2 2 2 2 2 2 3 6 6 4 2 2 2 2 2 2 2 2 2 2 2 2 2 2 2 2 2 2 2 2 2 2 2 2 
2 2 2 2 2 2 2 2 2 3 3 2 2 2 2 2 2 2 2 2 2 2 2 2 2 2 2 2 2 2 2 2 2 2 2 2 
"M"
2 2 2 2 2 2 2 2 2 3 3 2 2 2 2 2 2 2 2 2 2 2 2 2 2 2 2 2 2 2 2 2 2 2 2 2 
2 2 2 2 2 2 2 2 3 6 6 6 6 6 5 4 4 4 4 3 3 3 2 2 2 2 2 2 2 2 2 2 2 2 2 2 
2 2 2 2 2 2 2 2 4 7 8 8 8 8 8 8 8 7 7 7 6 6 6 6 5 5 4 4 4 2 2 2 2 2 2 2 
2 2 2 2 2 2 2 2 3 6 6 7 7 7 8 8 8 8 8 8 8 8 8 8 8 8 8 8 7 4 2 2 2 2 2 2 
2 2 2 2 2 2 2 2 2 3 3 3 4 4 4 4 5 5 6 6 6 6 7 8 8 8 8 8 8 4 2 2 2 2 2 2 
2 2 2 2 2 2 2 2 2 2 2 2 2 2 2 2 2 2 2 2 3 4 5 6 8 8 8 8 8 4 2 2 2 2 2 2 
2 2 2 2 2 2 2 2 2 2 2 2 2 2 2 2 2 2 2 3 4 6 7 8 8 8 8 7 6 3 2 2 2 2 2 2 
2 2 2 2 2 2 2 2 2 2 2 2 2 2 2 2 3 4 6 7 8 8 8 8 7 6 4 3 2 2 2 2 2 2 2 2 
2 2 2 2 2 2 2 2 2 2 2 2 2 3 4 5 6 8 8 8 8 7 6 5 4 3 2 2 2 2 2 2 2 2 2 2 
2 2 2 2 2 2 2 2 2 2 2 2 2 5 7 8 8 8 8 6 5 4 3 2 2 2 2 2 2 2 2 2 2 2 2 2 
2 2 2 2 2 2 2 2 2 2 2 2 3 6 8 8 8 7 5 3 2 2 2 2 2 2 2 2 2 2 2 2 2 2 2 2 
2 2 2 2 2 2 2 2 2 2 2 2 3 6 8 8 8 7 6 4 3 2 2 2 2 2 2 2 2 2 2 2 2 2 2 2 
2 2 2 2 2 2 2 2 2 2 2 2 2 5 7 8 8 8 8 8 7 6 4 3 2 2 2 2 2 2 2 2 2 2 2 2 
2 2 2 2 2 2 2 2 2 2 2 2 2 2 3 4 6 7 8 8 8 8 8 7 6 4 3 2 2 2 2 2 2 2 2 2 
2 2 2 2 2 2 2 2 2 2 2 2 2 2 2 2 2 3 4 6 7 8 8 8 8 7 6 5 4 2 2 2 2 2 2 2 
2 2 2 2 2 2 2 2 2 2 2 2 2 2 2 2 2 2 2 2 4 5 6 8 8 8 8 8 7 4 2 2 2 2 2 2 
2 2 2 2 2 2 2 2 2 2 2 2 3 3 3 4 4 4 4 5 5 6 6 8 8 8 8 8 8 4 2 2 2 2 2 2 
2 2 2 2 2 2 2 2 3 5 6 6 6 6 7 7 7 8 8 8 8 8 8 8 8 8 8 8 8 4 2 2 2 2 2 2 
2 2 2 2 2 2 2 2 4 7 8 8 8 8 8 8 8 8 8 8 8 8 8 7 7 7 6 6 6 3 2 2 2 2 2 2 
2 2 2 2 2 2 2 2 4 7 8 8 7 7 7 6 6 6 6 5 5 4 4 4 4 3 3 3 2 2 2 2 2 2 2 2 
2 2 2 2 2 2 2 2 3 4 4 4 4 4 3 3 3 2 2 2 2 2 2 2 2 2 2 2 2 2 2 2 2 2 2 2 
"N"
2 2 2 2 2 2 2 2 2 3 4 4 4 4 4 4 4 4 4 4 4 4 4 4 4 4 4 4 4 2 2 2 2 2 2 2 
2 2 2 2 2 2 2 2 3 6 7 7 7 7 7 7 7 7 7 7 7 7 7 7 7 7 7 7 7 4 2 2 2 2 2 2 
2 2 2 2 2 2 2 2 4 7 8 8 8 8 8 8 8 8 8 8 8 8 8 8 8 8 8 8 8 4 2 2 2 2 2 2 
2 2 2 2 2 2 2 2 3 5 6 6 6 6 6 6 6 6 6 6 6 6 6 7 8 8 8 8 7 4 2 2 2 2 2 2 
2 2 2 2 2 2 2 2 2 2 2 2 2 2 2 2 2 2 2 2 3 4 6 7 8 8 8 7 5 3 2 2 2 2 2 2 
2 2 2 2 2 2 2 2 2 2 2 2 2 2 2 2 2 2 2 4 5 7 8 8 8 7 5 4 2 2 2 2 2 2 2 2 
2 2 2 2 2 2 2 2 2 2 2 2 2 2 2 2 2 4 5 7 8 8 8 7 5 4 2 2 2 2 2 2 2 2 2 2 
2 2 2 2 2 2 2 2 2 2 2 2 2 2 2 3 5 7 8 8 8 7 5 4 2 2 2 2 2 2 2 2 2 2 2 2 
2 2 2 2 2 2 2 2 2 2 2 2 2 3 5 6 8 8 8 7 5 4 2 2 2 2 2 2 2 2 2 2 2 2 2 2 
2 2 2 2 2 2 2 2 2 2 2 3 5 6 8 8 8 7 5 4 2 2 2 2 2 2 2 2 2 2 2 2 2 2 2 2 
2 2 2 2 2 2 2 2 2 3 5 6 8 8 8 7 6 4 2 2 2 2 2 2 2 2 2 2 2 2 2 2 2 2 2 2 
2 2 2 2 2 2 2 2 3 6 8 8 8 8 8 6 5 4 4 4 4 4 4 4 4 4 4 4 4 3 2 2 2 2 2 2 
2 2 2 2 2 2 2 2 4 7 8 8 8 8 8 8 8 8 8 8 8 8 8 8 8 8 8 8 7 4 2 2 2 2 2 2 
2 2 2 2 2 2 2 2 4 7 8 8 8 8 8 8 8 8 8 8 8 8 8 8 8 8 8 8 8 4 2 2 2 2 2 2 
2 2 2 2 2 2 2 2 3 5 6 6 6 6 6 6 6 6 6 6 6 6 6 6 6 6 6 6 5 3 2 2 2 2 2 2 
"O"
2 2 2 2 2 2 2 2 2 2 2 2 2 2 2 3 4 4 4 4 4 4 3 2 2 2 2 2 2 2 2 2 2 2 2 2 
2 2 2 2 2 2 2 2 2 2 2 2 2 4 6 7 7 8 8 8 8 7 7 6 4 2 2 2 2 2 2 2 2 2 2 2 
2 2 2 2 2 2 2 2 2 2 2 3 6 7 8 8 8 8 8 8 8 8 8 8 7 6 4 2 2 2 2 2 2 2 2 2 
2 2 2 2 2 2 2 2 2 2 4 6 8 8 8 8 7 6 6 6 6 7 8 8 8 8 6 4 2 2 2 2 2 2 2 2 
2 2 2 2 2 2 2 2 2 4 6 8 8 7 5 4 3 3 3 3 3 3 4 5 7 8 8 6 4 2 2 2 2 2 2 2 
2 2 2 2 2 2 2 2 2 6 8 8 6 4 2 2 2 2 2 2 2 2 2 2 4 6 8 8 6 2 2 2 2 2 2 2 
2 2 2 2 2 2 2 2 3 7 8 6 3 2 2 2 2 2 2 2 2 2 2 2 2 3 6 8 7 3 2 2 2 2 2 2 
2 2 2 2 2 2 2 2 4 8 8 4 2 2 2 2 2 2 2 2 2 2 2 2 2 2 4 8 8 4 2 2 2 2 2 2 
2 2 2 2 2 2 2 2 4 8 7 4 2 2 2 2 2 2 2 2 2 2 2 2 2 2 4 7 8 4 2 2 2 2 2 2 
2 2 2 2 2 2 2 2 4 8 8 4 2 2 2 2 2 2 2 2 2 2 2 2 2 2 4 8 8 4 2 2 2 2 2 2 
2 2 2 2 2 2 2 2 4 7 8 6 3 2 2 2 2 2 2 2 2 2 2 2 2 3 6 8 7 3 2 2 2 2 2 2 
2 2 2 2 2 2 2 2 2 6 8 8 6 4 2 2 2 2 2 2 2 2 2 2 4 6 8 8 6 2 2 2 2 2 2 2 
2 2 2 2 2 2 2 2 2 4 6 8 8 7 5 4 3 3 3 3 3 3 4 5 7 8 8 6 4 2 2 2 2 2 2 2 
2 2 2 2 2 2 2 2 2 2 4 6 8 8 8 8 7 6 6 6 6 7 8 8 8 8 6 4 2 2 2 2 2 2 2 2 
2 2 2 2 2 2 2 2 2 2 2 4 6 7 8 8 8 8 8 8 8 8 8 8 7 6 4 2 2 2 2 2 2 2 2 2 
2 2 2 2 2 2 2 2 2 2 2 2 3 4 6 7 7 8 8 8 8 7 7 6 4 2 2 2 2 2 2 2 2 2 2 2 
2 2 2 2 2 2 2 2 2 2 2 2 2 2 2 3 4 4 4 4 4 4 3 2 2 2 2 2 2 2 2 2 2 2 2 2 
"P"
2 2 2 2 2 2 2 2 2 3 4 4 4 4 4 4 4 4 4 4 4 4 4 4 4 4 4 4 4 2 2 2 2 2 2 2 
2 2 2 2 2 2 2 2 3 6 7 7 7 7 7 7 7 7 7 7 7 7 7 7 7 7 7 7 7 4 2 2 2 2 2 2 
2 2 2 2 2 2 2 2 4 7 8 8 8 8 8 8 8 8 8 8 8 8 8 8 8 8 8 8 8 4 2 2 2 2 2 2 
2 2 2 2 2 2 2 2 3 6 6 6 6 6 6 6 7 8 8 7 6 6 6 6 6 6 7 8 8 4 2 2 2 2 2 2 
2 2 2 2 2 2 2 2 2 3 3 3 3 3 3 3 4 7 8 5 3 3 3 3 3 3 4 7 8 4 2 2 2 2 2 2 
2 2 2 2 2 2 2 2 2 2 2 2 2 2 2 2 4 7 8 4 2 2 2 2 2 2 4 7 8 4 2 2 2 2 2 2 
2 2 2 2 2 2 2 2 2 2 2 2 2 2 2 2 4 7 8 4 2 2 2 2 2 2 4 7 8 4 2 2 2 2 2 2 
2 2 2 2 2 2 2 2 2 2 2 2 2 2 2 2 3 7 8 5 2 2 2 2 2 2 4 8 8 4 2 2 2 2 2 2 
2 2 2 2 2 2 2 2 2 2 2 2 2 2 2 2 3 6 8 7 4 2 2 2 2 3 6 8 7 4 2 2 2 2 2 2 
2 2 2 2 2 2 2 2 2 2 2 2 2 2 2 2 2 5 8 8 6 5 4 4 4 6 8 8 6 3 2 2 2 2 2 2 
2 2 2 2 2 2 2 2 2 2 2 2 2 2 2 2 2 4 7 8 8 8 7 7 8 8 8 7 4 2 2 2 2 2 2 2 
2 2 2 2 2 2 2 2 2 2 2 2 2 2 2 2 2 2 4 7 8 8 8 8 8 8 7 5 2 2 2 2 2 2 2 2 
2 2 2 2 2 2 2 2 2 2 2 2 2 2 2 2 2 2 2 3 5 6 6 6 6 5 4 2 2 2 2 2 2 2 2 2 
2 2 2 2 2 2 2 2 2 2 2 2 2 2 2 2 2 2 2 2 2 2 3 3 2 2 2 2 2 2 2 2 2 2 2 2 
"Q"
2 2 2 2 2 2 2 2 2 2 2 2 2 2 2 3 4 4 4 4 4 4 3 2 2 2 2 2 2 2 2 2 2 2 2 2 
2 2 2 2 2 2 2 2 2 2 2 2 2 4 6 7 7 8 8 8 8 7 7 6 4 2 2 2 2 2 2 2 2 2 2 2 
2 2 2 2 2 2 2 2 2 2 2 3 6 7 8 8 8 8 8 8 8 8 8 8 7 6 4 2 2 2 2 2 2 2 2 2 
2 2 2 2 2 2 2 2 2 2 4 6 8 8 8 8 7 6 6 6 6 7 8 8 8 8 6 4 2 2 2 2 2 2 2 2 
2 2 2 2 2 2 2 2 2 3 6 8 8 7 5 4 3 3 3 3 3 3 4 5 7 8 8 6 4 2 2 2 2 2 2 2 
2 2 2 2 2 2 2 2 2 5 8 8 6 4 2 2 2 2 2 2 2 2 2 2 4 6 8 8 6 2 2 2 2 2 2 2 
2 2 2 2 2 2 2 2 3 7 8 6 3 2 2 2 2 2 2 2 2 2 2 2 2 3 6 8 7 3 2 2 2 2 2 2 
2 2 2 2 2 2 2 2 4 8 8 4 2 2 3 2 2 2 2 2 2 2 2 2 2 2 4 8 8 4 2 2 2 2 2 2 
2 2 2 2 2 2 2 2 4 8 7 4 3 5 5 2 2 2 2 2 2 2 2 2 2 2 4 7 8 4 2 2 2 2 2 2 
2 2 2 2 2 2 2 2 4 8 8 6 6 8 5 2 2 2 2 2 2 2 2 2 2 2 4 8 8 4 2 2 2 2 2 2 
2 2 2 2 2 2 2 2 4 8 8 8 8 7 4 2 2 2 2 2 2 2 2 2 2 3 6 8 7 3 2 2 2 2 2 2 
2 2 2 2 2 2 2 3 5 8 8 8 8 5 3 2 2 2 2 2 2 2 2 2 4 6 8 8 6 2 2 2 2 2 2 2 
2 2 2 2 2 2 3 6 8 8 8 8 8 7 5 4 3 3 3 3 3 3 4 5 7 8 8 6 4 2 2 2 2 2 2 2 
2 2 2 2 2 2 4 8 7 6 5 7 8 8 8 8 7 6 6 6 6 7 8 8 8 8 6 4 2 2 2 2 2 2 2 2 
2 2 2 2 2 2 4 6 4 2 2 4 6 8 8 8 8 8 8 8 8 8 8 8 7 6 4 2 2 2 2 2 2 2 2 2 
2 2 2 2 2 2 3 3 2 2 2 2 3 4 6 7 7 8 8 8 8 7 7 6 4 2 2 2 2 2 2 2 2 2 2 2 
2 2 2 2 2 2 2 2 2 2 2 2 2 2 2 3 4 4 4 4 4 4 3 2 2 2 2 2 2 2 2 2 2 2 2 2 
"R"
2 2 2 2 2 2 2 2 2 3 4 4 4 4 4 4 4 4 4 4 4 4 4 4 4 4 4 4 4 2 2 2 2 2 2 2 
2 2 2 2 2 2 2 2 3 6 7 7 7 7 7 7 7 7 7 7 7 7 7 7 7 7 7 7 7 4 2 2 2 2 2 2 
2 2 2 2 2 2 2 2 4 7 8 8 8 8 8 8 8 8 8 8 8 8 8 8 8 8 8 8 8 4 2 2 2 2 2 2 
2 2 2 2 2 2 2 2 3 5 6 6 6 6 6 6 6 6 8 8 7 6 6 6 6 6 6 8 8 4 2 2 2 2 2 2 
2 2 2 2 2 2 2 2 2 2 2 2 2 2 2 2 2 3 7 8 6 3 2 2 2 2 4 7 8 4 2 2 2 2 2 2 
2 2 2 2 2 2 2 2 2 2 2 2 2 2 2 2 2 4 7 8 6 2 2 2 2 2 4 7 8 4 2 2 2 2 2 2 
2 2 2 2 2 2 2 2 2 2 2 2 2 2 2 3 4 7 8 8 6 2 2 2 2 2 4 7 8 4 2 2 2 2 2 2 
2 2 2 2 2 2 2 2 2 2 2 2 2 2 4 6 8 8 8 8 6 3 2 2 2 2 4 8 8 4 2 2 2 2 2 2 
2 2 2 2 2 2 2 2 2 2 2 2 3 5 7 8 8 7 7 8 8 4 2 2 2 3 6 8 7 4 2 2 2 2 2 2 
2 2 2 2 2 2 2 2 2 2 2 4 6 8 8 8 6 4 5 8 8 7 6 5 5 6 8 8 6 3 2 2 2 2 2 2 
2 2 2 2 2 2 2 2 2 3 5 7 8 8 7 5 3 2 3 6 8 8 8 8 8 8 8 7 4 2 2 2 2 2 2 2 
2 2 2 2 2 2 2 2 3 6 8 8 8 6 4 2 2 2 2 3 5 7 8 8 8 7 6 4 2 2 2 2 2 2 2 2 
2 2 2 2 2 2 2 2 4 7 8 7 4 3 2 2 2 2 2 2 2 4 4 4 4 4 3 2 2 2 2 2 2 2 2 2 
2 2 2 2 2 2 2 2 4 6 6 4 2 2 2 2 2 2 2 2 2 2 2 2 2 2 2 2 2 2 2 2 2 2 2 2 
2 2 2 2 2 2 2 2 3 4 3 2 2 2 2 2 2 2 2 2 2 2 2 2 2 2 2 2 2 2 2 2 2 2 2 2 
"S"
2 2 2 2 2 2 2 2 2 2 4 4 3 2 2 2 2 2 2 2 2 3 4 4 4 4 3 2 2 2 2 2 2 2 2 2 
2 2 2 2 2 2 2 2 2 4 7 7 5 2 2 2 2 2 2 2 4 6 8 8 8 7 6 4 2 2 2 2 2 2 2 2 
2 2 2 2 2 2 2 2 2 5 8 8 5 2 2 2 2 2 2 4 7 8 8 8 8 8 8 7 4 2 2 2 2 2 2 2 
2 2 2 2 2 2 2 2 3 7 8 6 3 2 2 2 2 2 3 6 8 8 8 7 6 7 8 8 7 4 2 2 2 2 2 2 
2 2 2 2 2 2 2 2 4 7 8 5 2 2 2 2 2 2 4 7 8 8 6 3 3 4 6 8 8 5 2 2 2 2 2 2 
2 2 2 2 2 2 2 2 4 8 8 4 2 2 2 2 2 2 6 8 8 7 4 2 2 2 3 7 8 6 2 2 2 2 2 2 
2 2 2 2 2 2 2 2 4 8 7 4 2 2 2 2 2 4 7 8 8 6 2 2 2 2 2 6 8 6 3 2 2 2 2 2 
2 2 2 2 2 2 2 2 4 8 7 4 2 2 2 2 2 5 8 8 7 4 2 2 2 2 2 6 8 6 3 2 2 2 2 2 
2 2 2 2 2 2 2 2 4 7 8 5 2 2 2 2 3 6 8 8 6 3 2 2 2 2 3 6 8 6 2 2 2 2 2 2 
2 2 2 2 2 2 2 2 3 6 8 7 5 3 3 4 6 8 8 8 5 2 2 2 2 2 4 7 8 5 2 2 2 2 2 2 
2 2 2 2 2 2 2 2 2 5 8 8 8 7 6 7 8 8 8 6 3 2 2 2 2 2 5 8 8 4 2 2 2 2 2 2 
2 2 2 2 2 2 2 2 2 3 5 8 8 8 8 8 8 8 7 4 2 2 2 2 2 2 5 7 6 3 2 2 2 2 2 2 
2 2 2 2 2 2 2 2 2 2 3 5 7 8 8 8 7 6 4 2 2 2 2 2 2 2 2 4 3 2 2 2 2 2 2 2 
2 2 2 2 2 2 2 2 2 2 2 2 3 4 4 4 4 2 2 2 2 2 2 2 2 2 2 2 2 2 2 2 2 2 2 2 
"T"
2 2 2 2 2 2 2 2 2 2 2 2 2 2 2 2 2 2 2 2 2 2 2 2 2 2 2 3 4 2 2 2 2 2 2 2 
2 2 2 2 2 2 2 2 2 2 2 2 2 2 2 2 2 2 2 2 2 2 2 2 2 2 3 6 7 4 2 2 2 2 2 2 
2 2 2 2 2 2 2 2 2 2 2 2 2 2 2 2 2 2 2 2 2 2 2 2 2 2 4 7 8 4 2 2 2 2 2 2 
2 2 2 2 2 2 2 2 2 2 2 2 2 2 2 2 2 2 2 2 2 2 2 2 2 2 4 7 8 4 2 2 2 2 2 2 
2 2 2 2 2 2 2 2 2 2 2 2 2 2 2 2 2 2 2 2 2 2 2 2 2 2 4 7 8 4 2 2 2 2 2 2 
2 2 2 2 2 2 2 2 2 3 4 4 4 4 4 4 4 4 4 4 4 4 4 4 4 4 5 8 8 4 2 2 2 2 2 2 
2 2 2 2 2 2 2 2 3 6 7 7 7 7 7 7 7 7 7 7 7 7 7 7 7 7 8 8 8 4 2 2 2 2 2 2 
2 2 2 2 2 2 2 2 4 7 8 8 8 8 8 8 8 8 8 8 8 8 8 8 8 8 8 8 8 4 2 2 2 2 2 2 
2 2 2 2 2 2 2 2 3 6 6 6 6 6 6 6 6 6 6 6 6 6 6 6 6 6 7 8 8 4 2 2 2 2 2 2 
2 2 2 2 2 2 2 2 2 3 3 3 3 3 3 3 3 3 3 3 3 3 3 3 3 3 4 7 8 4 2 2 2 2 2 2 
2 2 2 2 2 2 2 2 2 2 2 2 2 2 2 2 2 2 2 2 2 2 2 2 2 2 4 7 8 4 2 2 2 2 2 2 
2 2 2 2 2 2 2 2 2 2 2 2 2 2 2 2 2 2 2 2 2 2 2 2 2 2 4 7 8 4 2 2 2 2 2 2 
2 2 2 2 2 2 2 2 2 2 2 2 2 2 2 2 2 2 2 2 2 2 2 2 2 2 4 7 8 4 2 2 2 2 2 2 
2 2 2 2 2 2 2 2 2 2 2 2 2 2 2 2 2 2 2 2 2 2 2 2 2 2 3 6 6 4 2 2 2 2 2 2 
2 2 2 2 2 2 2 2 2 2 2 2 2 2 2 2 2 2 2 2 2 2 2 2 2 2 2 3 3 2 2 2 2 2 2 2 
"U"
2 2 2 2 2 2 2 2 2 2 2 2 4 4 4 4 4 4 4 4 4 4 4 4 4 4 4 4 4 3 2 2 2 2 2 2 
2 2 2 2 2 2 2 2 2 2 4 6 7 8 8 8 8 8 8 8 8 8 8 8 8 8 8 8 7 4 2 2 2 2 2 2 
2 2 2 2 2 2 2 2 2 3 6 8 8 8 8 8 8 8 8 8 8 8 8 8 8 8 8 8 8 4 2 2 2 2 2 2 
2 2 2 2 2 2 2 2 2 5 8 8 7 6 6 6 6 6 6 6 6 6 6 6 6 6 6 6 5 3 2 2 2 2 2 2 
2 2 2 2 2 2 2 2 3 7 8 7 4 2 2 2 2 2 2 2 2 2 2 2 2 2 2 2 2 2 2 2 2 2 2 2 
2 2 2 2 2 2 2 2 4 8 8 5 2 2 2 2 2 2 2 2 2 2 2 2 2 2 2 2 2 2 2 2 2 2 2 2 
2 2 2 2 2 2 2 2 4 8 7 4 2 2 2 2 2 2 2 2 2 2 2 2 2 2 2 2 2 2 2 2 2 2 2 2 
2 2 2 2 2 2 2 2 4 8 7 4 2 2 2 2 2 2 2 2 2 2 2 2 2 2 2 2 2 2 2 2 2 2 2 2 
2 2 2 2 2 2 2 2 4 8 8 4 2 2 2 2 2 2 2 2 2 2 2 2 2 2 2 2 2 2 2 2 2 2 2 2 
2 2 2 2 2 2 2 2 4 7 8 6 3 2 2 2 2 2 2 2 2 2 2 2 2 2 2 2 2 2 2 2 2 2 2 2 
2 2 2 2 2 2 2 2 3 6 8 8 6 4 4 4 4 4 4 4 4 4 4 4 4 4 4 4 4 2 2 2 2 2 2 2 
2 2 2 2 2 2 2 2 2 4 7 8 8 8 7 7 7 7 7 7 7 7 7 7 7 7 7 7 7 4 2 2 2 2 2 2 
2 2 2 2 2 2 2 2 2 2 5 7 8 8 8 8 8 8 8 8 8 8 8 8 8 8 8 8 8 4 2 2 2 2 2 2 
2 2 2 2 2 2 2 2 2 2 2 4 6 6 6 6 6 6 6 6 6 6 6 6 6 6 6 6 6 4 2 2 2 2 2 2 
2 2 2 2 2 2 2 2 2 2 2 2 2 3 3 3 3 3 3 3 3 3 3 3 3 3 3 3 3 2 2 2 2 2 2 2 
"V"
2 2 2 2 2 2 2 2 2 2 2 2 2 2 2 2 2 2 2 2 2 2 2 2 2 2 2 2 3 2 2 2 2 2 2 2 
2 2 2 2 2 2 2 2 2 2 2 2 2 2 2 2 2 2 2 2 2 2 2 2 2 3 4 6 6 4 2 2 2 2 2 2 
2 2 2 2 2 2 2 2 2 2 2 2 2 2 2 2 2 2 2 2 2 3 4 4 6 7 8 8 8 4 2 2 2 2 2 2 
2 2 2 2 2 2 2 2 2 2 2 2 2 2 2 2 2 2 3 4 5 6 7 8 8 8 8 7 6 4 2 2 2 2 2 2 
2 2 2 2 2 2 2 2 2 2 2 2 2 2 2 3 4 5 6 7 8 8 8 8 7 6 5 4 3 2 2 2 2 2 2 2 
2 2 2 2 2 2 2 2 2 2 2 2 3 4 5 6 7 8 8 8 8 7 6 4 4 3 2 2 2 2 2 2 2 2 2 2 
2 2 2 2 2 2 2 2 2 3 4 5 6 7 8 8 8 7 7 6 4 3 2 2 2 2 2 2 2 2 2 2 2 2 2 2 
2 2 2 2 2 2 2 2 3 6 7 8 8 8 7 6 5 4 3 2 2 2 2 2 2 2 2 2 2 2 2 2 2 2 2 2 
2 2 2 2 2 2 2 2 4 7 8 8 8 6 4 3 2 2 2 2 2 2 2 2 2 2 2 2 2 2 2 2 2 2 2 2 
2 2 2 2 2 2 2 2 3 7 8 8 8 7 6 4 3 3 2 2 2 2 2 2 2 2 2 2 2 2 2 2 2 2 2 2 
2 2 2 2 2 2 2 2 2 4 6 7 8 8 8 8 7 6 5 4 3 2 2 2 2 2 2 2 2 2 2 2 2 2 2 2 
2 2 2 2 2 2 2 2 2 2 2 3 4 6 7 8 8 8 8 7 6 5 4 3 2 2 2 2 2 2 2 2 2 2 2 2 
2 2 2 2 2 2 2 2 2 2 2 2 2 2 3 4 6 7 8 8 8 8 7 7 6 4 3 2 2 2 2 2 2 2 2 2 
2 2 2 2 2 2 2 2 2 2 2 2 2 2 2 2 2 3 4 6 7 7 8 8 8 8 7 6 4 3 2 2 2 2 2 2 
2 2 2 2 2 2 2 2 2 2 2 2 2 2 2 2 2 2 2 2 3 4 5 6 7 8 8 8 7 4 2 2 2 2 2 2 
2 2 2 2 2 2 2 2 2 2 2 2 2 2 2 2 2 2 2 2 2 2 2 3 4 5 6 7 8 4 2 2 2 2 2 2 
2 2 2 2 2 2 2 2 2 2 2 2 2 2 2 2 2 2 2 2 2 2 2 2 2 2 3 4 5 4 2 2 2 2 2 2 
"W"
2 2 2 2 2 2 2 2 2 2 2 2 2 2 2 2 2 2 2 2 2 2 2 2 2 2 2 3 3 3 2 2 2 2 2 2 
2 2 2 2 2 2 2 2 2 2 2 2 2 2 2 2 2 2 2 2 2 2 2 3 4 5 6 6 7 4 2 2 2 2 2 2 
2 2 2 2 2 2 2 2 2 2 2 2 2 2 2 2 2 2 2 3 4 5 6 7 7 8 8 8 8 4 2 2 2 2 2 2 
2 2 2 2 2 2 2 2 2 2 2 2 2 2 3 3 4 5 6 7 7 8 8 8 8 8 7 7 6 3 2 2 2 2 2 2 
2 2 2 2 2 2 2 2 2 2 3 4 4 5 6 7 8 8 8 8 8 8 7 6 5 4 4 3 2 2 2 2 2 2 2 2 
2 2 2 2 2 2 2 2 3 5 6 7 8 8 8 8 8 7 6 6 5 4 3 3 2 2 2 2 2 2 2 2 2 2 2 2 
2 2 2 2 2 2 2 2 4 7 8 8 8 7 6 5 4 4 3 2 2 2 2 2 2 2 2 2 2 2 2 2 2 2 2 2 
2 2 2 2 2 2 2 2 4 7 8 8 8 7 5 4 3 2 2 2 2 2 2 2 2 2 2 2 2 2 2 2 2 2 2 2 
2 2 2 2 2 2 2 2 3 6 8 8 8 8 8 7 6 5 4 3 2 2 2 2 2 2 2 2 2 2 2 2 2 2 2 2 
2 2 2 2 2 2 2 2 2 3 4 6 6 7 8 8 8 8 7 6 5 4 3 2 2 2 2 2 2 2 2 2 2 2 2 2 
2 2 2 2 2 2 2 2 2 2 2 2 3 4 5 6 7 8 8 8 8 8 7 6 4 2 2 2 2 2 2 2 2 2 2 2 
2 2 2 2 2 2 2 2 2 2 2 2 2 2 2 3 4 5 7 8 8 8 8 8 6 3 2 2 2 2 2 2 2 2 2 2 
2 2 2 2 2 2 2 2 2 2 2 2 2 2 2 3 4 5 7 8 8 8 8 8 6 3 2 2 2 2 2 2 2 2 2 2 
2 2 2 2 2 2 2 2 2 2 2 2 3 4 5 6 7 8 8 8 8 7 6 5 4 2 2 2 2 2 2 2 2 2 2 2 
2 2 2 2 2 2 2 2 2 3 4 6 7 8 8 8 8 8 7 6 5 4 3 2 2 2 2 2 2 2 2 2 2 2 2 2 
2 2 2 2 2 2 2 2 3 6 8 8 8 8 8 7 6 4 4 3 2 2 2 2 2 2 2 2 2 2 2 2 2 2 2 2 
2 2 2 2 2 2 2 2 4 7 8 8 8 8 6 4 3 2 2 2 2 2 2 2 2 2 2 2 2 2 2 2 2 2 2 2 
2 2 2 2 2 2 2 2 4 7 8 8 8 8 7 6 6 5 4 3 2 2 2 2 2 2 2 2 2 2 2 2 2 2 2 2 
2 2 2 2 2 2 2 2 3 5 6 7 8 8 8 8 8 8 7 7 6 5 4 3 3 2 2 2 2 2 2 2 2 2 2 2 
2 2 2 2 2 2 2 2 2 2 3 3 4 5 6 7 7 8 8 8 8 8 8 7 6 5 4 3 3 2 2 2 2 2 2 2 
2 2 2 2 2 2 2 2 2 2 2 2 2 2 2 3 4 5 6 6 7 8 8 8 8 8 8 7 6 4 2 2 2 2 2 2 
2 2 2 2 2 2 2 2 2 2 2 2 2 2 2 2 2 2 2 3 4 4 5 6 7 8 8 8 8 4 2 2 2 2 2 2 
2 2 2 2 2 2 2 2 2 2 2 2 2 2 2 2 2 2 2 2 2 2 2 3 3 4 5 6 6 4 2 2 2 2 2 2 
2 2 2 2 2 2 2 2 2 2 2 2 2 2 2 2 2 2 2 2 2 2 2 2 2 2 2 2 3 2 2 2 2 2 2 2 
"X"
2 2 2 2 2 2 2 2 2 3 2 2 2 2 2 2 2 2 2 2 2 2 2 2 2 2 2 2 2 2 2 2 2 2 2 2 
2 2 2 2 2 2 2 2 3 6 5 3 2 2 2 2 2 2 2 2 2 2 2 2 2 2 2 2 4 3 2 2 2 2 2 2 
2 2 2 2 2 2 2 2 4 7 8 6 4 3 2 2 2 2 2 2 2 2 2 2 2 2 4 5 6 4 2 2 2 2 2 2 
2 2 2 2 2 2 2 2 3 7 8 8 8 6 4 2 2 2 2 2 2 2 2 2 3 5 7 8 8 4 2 2 2 2 2 2 
2 2 2 2 2 2 2 2 2 4 6 8 8 8 7 6 4 2 2 2 2 2 3 5 6 8 8 8 6 4 2 2 2 2 2 2 
2 2 2 2 2 2 2 2 2 2 3 5 6 8 8 8 7 5 4 2 3 4 6 8 8 8 7 5 3 2 2 2 2 2 2 2 
2 2 2 2 2 2 2 2 2 2 2 2 3 5 6 8 8 8 7 6 6 8 8 8 7 6 4 2 2 2 2 2 2 2 2 2 
2 2 2 2 2 2 2 2 2 2 2 2 2 2 3 5 7 8 8 8 8 8 8 6 4 2 2 2 2 2 2 2 2 2 2 2 
2 2 2 2 2 2 2 2 2 2 2 2 2 2 2 4 6 8 8 8 8 8 7 5 3 2 2 2 2 2 2 2 2 2 2 2 
2 2 2 2 2 2 2 2 2 2 2 2 2 3 5 6 8 8 8 7 8 8 8 7 6 4 2 2 2 2 2 2 2 2 2 2 
2 2 2 2 2 2 2 2 2 2 2 3 5 6 8 8 8 7 5 4 4 6 8 8 8 7 5 4 2 2 2 2 2 2 2 2 
2 2 2 2 2 2 2 2 2 3 5 6 8 8 8 7 6 4 2 2 2 3 4 6 8 8 8 7 5 3 2 2 2 2 2 2 
2 2 2 2 2 2 2 2 3 6 8 8 8 8 6 4 2 2 2 2 2 2 2 3 5 6 8 8 7 4 2 2 2 2 2 2 
2 2 2 2 2 2 2 2 4 7 8 8 6 4 3 2 2 2 2 2 2 2 2 2 2 3 5 7 7 4 2 2 2 2 2 2 
2 2 2 2 2 2 2 2 4 7 6 5 3 2 2 2 2 2 2 2 2 2 2 2 2 2 2 4 5 4 2 2 2 2 2 2 
2 2 2 2 2 2 2 2 3 4 3 2 2 2 2 2 2 2 2 2 2 2 2 2 2 2 2 2 2 2 2 2 2 2 2 2 
"Y"
2 2 2 2 2 2 2 2 2 2 2 2 2 2 2 2 2 2 2 2 2 2 2 2 2 2 2 2 3 3 2 2 2 2 2 2 
2 2 2 2 2 2 2 2 2 2 2 2 2 2 2 2 2 2 2 2 2 2 2 2 2 2 3 5 6 4 2 2 2 2 2 2 
2 2 2 2 2 2 2 2 2 2 2 2 2 2 2 2 2 2 2 2 2 2 2 2 4 5 7 8 8 4 2 2 2 2 2 2 
2 2 2 2 2 2 2 2 2 2 2 2 2 2 2 2 2 2 2 2 2 2 4 5 7 8 8 8 7 4 2 2 2 2 2 2 
2 2 2 2 2 2 2 2 2 2 2 2 2 2 2 2 2 2 2 2 4 6 7 8 8 8 7 5 4 2 2 2 2 2 2 2 
2 2 2 2 2 2 2 2 2 2 2 2 2 2 2 2 2 2 4 6 7 8 8 8 7 5 4 2 2 2 2 2 2 2 2 2 
2 2 2 2 2 2 2 2 2 4 4 4 4 4 4 4 5 6 7 8 8 8 6 5 3 2 2 2 2 2 2 2 2 2 2 2 
2 2 2 2 2 2 2 2 4 7 8 8 8 8 8 8 8 8 8 8 7 5 3 2 2 2 2 2 2 2 2 2 2 2 2 2 
2 2 2 2 2 2 2 2 4 7 8 8 8 8 8 8 8 8 8 8 7 4 3 2 2 2 2 2 2 2 2 2 2 2 2 2 
2 2 2 2 2 2 2 2 3 5 6 6 6 6 6 6 6 7 8 8 8 7 6 4 3 2 2 2 2 2 2 2 2 2 2 2 
2 2 2 2 2 2 2 2 2 2 2 2 2 2 2 2 2 3 5 6 8 8 8 8 6 5 3 2 2 2 2 2 2 2 2 2 
2 2 2 2 2 2 2 2 2 2 2 2 2 2 2 2 2 2 2 3 4 6 7 8 8 8 6 5 4 2 2 2 2 2 2 2 
2 2 2 2 2 2 2 2 2 2 2 2 2 2 2 2 2 2 2 2 2 3 4 6 7 8 8 8 7 4 2 2 2 2 2 2 
2 2 2 2 2 2 2 2 2 2 2 2 2 2 2 2 2 2 2 2 2 2 2 2 4 5 7 8 8 4 2 2 2 2 2 2 
2 2 2 2 2 2 2 2 2 2 2 2 2 2 2 2 2 2 2 2 2 2 2 2 2 2 4 5 6 4 2 2 2 2 2 2 
2 2 2 2 2 2 2 2 2 2 2 2 2 2 2 2 2 2 2 2 2 2 2 2 2 2 2 2 3 3 2 2 2 2 2 2 
"Z" 90
2 2 2 2 2 2 2 2 2 3 4 3 2 2 2 2 2 2 2 2 2 2 2 2 2 2 2 2 2 2 2 2 2 2 2 2 
2 2 2 2 2 2 2 2 3 6 7 6 5 3 2 2 2 2 2 2 2 2 2 2 2 2 2 4 4 3 2 2 2 2 2 2 
2 2 2 2 2 2 2 2 4 7 8 8 8 6 4 2 2 2 2 2 2 2 2 2 2 2 4 7 7 4 2 2 2 2 2 2 
2 2 2 2 2 2 2 2 4 7 8 8 8 8 7 5 3 2 2 2 2 2 2 2 2 2 4 7 8 4 2 2 2 2 2 2 
2 2 2 2 2 2 2 2 4 7 8 6 6 8 8 8 6 4 3 2 2 2 2 2 2 2 4 7 8 4 2 2 2 2 2 2 
2 2 2 2 2 2 2 2 4 7 8 5 3 5 7 8 8 8 6 4 2 2 2 2 2 2 4 7 8 4 2 2 2 2 2 2 
2 2 2 2 2 2 2 2 4 7 8 4 2 2 4 6 7 8 8 7 5 3 2 2 2 2 4 7 8 4 2 2 2 2 2 2 
2 2 2 2 2 2 2 2 4 7 8 4 2 2 2 2 4 6 8 8 8 6 4 3 2 2 4 7 8 4 2 2 2 2 2 2 
2 2 2 2 2 2 2 2 4 7 8 4 2 2 2 2 2 3 5 7 8 8 8 6 4 2 4 7 8 4 2 2 2 2 2 2 
2 2 2 2 2 2 2 2 4 7 8 4 2 2 2 2 2 2 2 4 6 7 8 8 7 5 5 7 8 4 2 2 2 2 2 2 
2 2 2 2 2 2 2 2 4 7 8 4 2 2 2 2 2 2 2 2 2 4 6 8 8 8 7 8 8 4 2 2 2 2 2 2 
2 2 2 2 2 2 2 2 4 7 8 4 2 2 2 2 2 2 2 2 2 2 3 5 7 8 8 8 8 4 2 2 2 2 2 2 
2 2 2 2 2 2 2 2 4 7 8 4 2 2 2 2 2 2 2 2 2 2 2 2 4 6 7 8 7 4 2 2 2 2 2 2 
2 2 2 2 2 2 2 2 3 6 6 4 2 2 2 2 2 2 2 2 2 2 2 2 2 2 4 4 4 3 2 2 2 2 2 2 
2 2 2 2 2 2 2 2 2 3 3 2 2 2 2 2 2 2 2 2 2 2 2 2 2 2 2 2 2 2 2 2 2 2 2 2 
"[" 91
"\" 92
"]" 93
"^" 94
"_" 95
"`" 96
"a" 97
2 2 2 2 2 2 2 2 2 2 3 4 5 6 5 4 2 2 2 2 2 2 2 2 2 2 2 2 2 2 2 2 2 2 2 2 
2 2 2 2 2 2 2 2 2 3 6 8 8 8 8 7 4 2 2 2 2 2 2 2 2 2 2 2 2 2 2 2 2 2 2 2 
2 2 2 2 2 2 2 2 2 5 8 8 8 7 8 8 7 4 2 2 2 3 3 2 2 2 2 2 2 2 2 2 2 2 2 2 
2 2 2 2 2 2 2 2 4 7 8 7 5 4 4 7 8 5 2 2 3 6 6 4 2 2 2 2 2 2 2 2 2 2 2 2 
2 2 2 2 2 2 2 2 4 8 8 5 2 2 2 4 7 6 2 2 3 6 8 6 2 2 2 2 2 2 2 2 2 2 2 2 
2 2 2 2 2 2 2 2 4 8 7 4 2 2 2 3 6 6 3 2 2 6 8 6 3 2 2 2 2 2 2 2 2 2 2 2 
2 2 2 2 2 2 2 2 4 7 7 4 2 2 2 2 6 7 4 2 2 6 8 6 3 2 2 2 2 2 2 2 2 2 2 2 
2 2 2 2 2 2 2 2 3 6 8 5 2 2 2 2 6 7 4 2 3 6 8 6 3 2 2 2 2 2 2 2 2 2 2 2 
2 2 2 2 2 2 2 2 3 6 8 7 5 4 4 5 7 8 6 5 6 8 8 5 2 2 2 2 2 2 2 2 2 2 2 2 
2 2 2 2 2 2 2 2 4 7 8 8 8 8 8 8 8 8 8 8 8 8 7 4 2 2 2 2 2 2 2 2 2 2 2 2 
2 2 2 2 2 2 2 2 4 7 8 8 8 8 8 8 8 8 8 8 7 6 4 2 2 2 2 2 2 2 2 2 2 2 2 2 
2 2 2 2 2 2 2 2 2 4 4 4 4 4 4 4 4 4 4 4 3 3 2 2 2 2 2 2 2 2 2 2 2 2 2 2 
"b"
2 2 2 2 2 2 2 2 2 4 4 4 4 4 4 4 4 4 4 4 4 4 4 4 4 4 4 4 4 4 4 2 2 2 2 2 
2 2 2 2 2 2 2 2 4 7 8 8 8 8 8 8 8 8 8 8 8 8 8 8 8 8 8 8 8 8 6 3 2 2 2 2 
2 2 2 2 2 2 2 2 4 7 8 8 8 8 8 8 8 8 8 8 8 8 8 8 8 8 8 8 8 8 6 3 2 2 2 2 
2 2 2 2 2 2 2 2 3 6 8 8 5 4 4 4 4 4 4 5 6 8 7 5 4 4 4 4 4 4 4 2 2 2 2 2 
2 2 2 2 2 2 2 2 3 6 8 6 3 2 2 2 2 2 2 2 4 7 8 4 2 2 2 2 2 2 2 2 2 2 2 2 
2 2 2 2 2 2 2 2 4 7 8 4 2 2 2 2 2 2 2 2 2 6 8 6 2 2 2 2 2 2 2 2 2 2 2 2 
2 2 2 2 2 2 2 2 4 8 7 4 2 2 2 2 2 2 2 2 2 6 8 6 3 2 2 2 2 2 2 2 2 2 2 2 
2 2 2 2 2 2 2 2 4 8 8 5 2 2 2 2 2 2 2 2 3 7 8 6 3 2 2 2 2 2 2 2 2 2 2 2 
2 2 2 2 2 2 2 2 4 7 8 7 5 3 3 2 2 2 3 4 6 8 8 6 2 2 2 2 2 2 2 2 2 2 2 2 
2 2 2 2 2 2 2 2 2 5 8 8 8 7 6 6 6 6 6 7 8 8 7 4 2 2 2 2 2 2 2 2 2 2 2 2 
2 2 2 2 2 2 2 2 2 3 6 7 8 8 8 8 8 8 8 8 8 7 4 2 2 2 2 2 2 2 2 2 2 2 2 2 
2 2 2 2 2 2 2 2 2 2 3 4 6 7 8 8 8 8 8 7 6 4 2 2 2 2 2 2 2 2 2 2 2 2 2 2 
2 2 2 2 2 2 2 2 2 2 2 2 2 3 4 4 4 4 4 3 2 2 2 2 2 2 2 2 2 2 2 2 2 2 2 2 
"c"
2 2 2 2 2 2 2 2 2 2 2 2 2 3 4 4 4 4 4 3 2 2 2 2 2 2 2 2 2 2 2 2 2 2 2 2 
2 2 2 2 2 2 2 2 2 2 2 4 6 7 8 8 8 8 7 6 4 3 2 2 2 2 2 2 2 2 2 2 2 2 2 2 
2 2 2 2 2 2 2 2 2 2 5 7 8 8 8 8 8 8 8 8 7 6 3 2 2 2 2 2 2 2 2 2 2 2 2 2 
2 2 2 2 2 2 2 2 2 4 7 8 8 7 6 6 6 6 6 7 8 8 6 3 2 2 2 2 2 2 2 2 2 2 2 2 
2 2 2 2 2 2 2 2 3 6 8 7 5 3 2 2 2 2 3 4 6 8 8 4 2 2 2 2 2 2 2 2 2 2 2 2 
2 2 2 2 2 2 2 2 4 7 8 5 2 2 2 2 2 2 2 2 4 7 8 6 2 2 2 2 2 2 2 2 2 2 2 2 
2 2 2 2 2 2 2 2 4 8 7 4 2 2 2 2 2 2 2 2 2 6 8 6 3 2 2 2 2 2 2 2 2 2 2 2 
2 2 2 2 2 2 2 2 4 8 7 4 2 2 2 2 2 2 2 2 2 6 8 6 3 2 2 2 2 2 2 2 2 2 2 2 
2 2 2 2 2 2 2 2 4 7 8 4 2 2 2 2 2 2 2 2 3 7 8 5 2 2 2 2 2 2 2 2 2 2 2 2 
2 2 2 2 2 2 2 2 2 6 8 6 2 2 2 2 2 2 2 2 4 8 7 4 2 2 2 2 2 2 2 2 2 2 2 2 
2 2 2 2 2 2 2 2 2 4 6 6 2 2 2 2 2 2 2 2 4 6 5 2 2 2 2 2 2 2 2 2 2 2 2 2 
2 2 2 2 2 2 2 2 2 2 3 3 2 2 2 2 2 2 2 2 2 3 2 2 2 2 2 2 2 2 2 2 2 2 2 2 
"d"
2 2 2 2 2 2 2 2 2 2 2 2 3 4 4 4 4 4 4 3 2 2 2 2 2 2 2 2 2 2 2 2 2 2 2 2 
2 2 2 2 2 2 2 2 2 2 3 5 6 7 8 8 8 8 7 6 5 3 2 2 2 2 2 2 2 2 2 2 2 2 2 2 
2 2 2 2 2 2 2 2 2 3 6 8 8 8 8 8 8 8 8 8 8 7 4 2 2 2 2 2 2 2 2 2 2 2 2 2 
2 2 2 2 2 2 2 2 2 6 8 8 8 6 6 6 6 6 7 7 8 8 7 4 2 2 2 2 2 2 2 2 2 2 2 2 
2 2 2 2 2 2 2 2 4 7 8 7 4 3 2 2 2 2 3 4 6 8 8 5 2 2 2 2 2 2 2 2 2 2 2 2 
2 2 2 2 2 2 2 2 4 8 8 5 2 2 2 2 2 2 2 2 4 7 8 6 3 2 2 2 2 2 2 2 2 2 2 2 
2 2 2 2 2 2 2 2 4 8 7 4 2 2 2 2 2 2 2 2 2 6 8 6 3 2 2 2 2 2 2 2 2 2 2 2 
2 2 2 2 2 2 2 2 4 7 8 4 2 2 2 2 2 2 2 2 3 6 8 6 2 2 2 2 2 2 2 2 2 2 2 2 
2 2 2 2 2 2 2 2 2 6 8 6 3 2 2 2 2 2 2 2 4 7 8 5 2 2 2 2 2 2 2 2 2 2 2 2 
2 2 2 2 2 2 2 2 3 6 8 7 5 4 4 4 4 4 4 5 6 8 8 6 4 4 4 4 4 4 4 2 2 2 2 2 
2 2 2 2 2 2 2 2 4 7 8 8 8 8 8 8 8 8 8 8 8 8 8 8 8 8 8 8 8 8 6 3 2 2 2 2 
2 2 2 2 2 2 2 2 4 7 8 8 8 8 8 8 8 8 8 8 8 8 8 8 8 8 8 8 8 8 6 3 2 2 2 2 
2 2 2 2 2 2 2 2 2 4 4 4 4 4 4 4 4 4 4 4 4 4 4 4 4 4 4 4 4 4 4 2 2 2 2 2 
"e"
2 2 2 2 2 2 2 2 2 2 2 2 2 3 4 4 4 4 4 3 2 2 2 2 2 2 2 2 2 2 2 2 2 2 2 2 
2 2 2 2 2 2 2 2 2 2 2 4 6 7 8 8 8 8 7 6 5 3 2 2 2 2 2 2 2 2 2 2 2 2 2 2 
2 2 2 2 2 2 2 2 2 2 4 7 8 8 8 8 8 8 8 8 8 6 3 2 2 2 2 2 2 2 2 2 2 2 2 2 
2 2 2 2 2 2 2 2 2 4 7 8 8 6 6 7 8 8 6 7 8 8 6 3 2 2 2 2 2 2 2 2 2 2 2 2 
2 2 2 2 2 2 2 2 3 6 8 7 4 3 3 6 8 7 4 3 6 8 8 5 2 2 2 2 2 2 2 2 2 2 2 2 
2 2 2 2 2 2 2 2 4 8 8 5 2 2 2 6 8 6 3 2 3 6 8 6 2 2 2 2 2 2 2 2 2 2 2 2 
2 2 2 2 2 2 2 2 4 8 7 4 2 2 2 6 8 6 3 2 2 6 8 6 3 2 2 2 2 2 2 2 2 2 2 2 
2 2 2 2 2 2 2 2 4 8 7 4 2 2 2 6 8 6 3 2 3 6 8 6 3 2 2 2 2 2 2 2 2 2 2 2 
2 2 2 2 2 2 2 2 4 7 8 4 2 2 2 6 8 7 4 4 6 8 8 5 2 2 2 2 2 2 2 2 2 2 2 2 
2 2 2 2 2 2 2 2 3 6 8 6 2 2 2 6 8 8 6 7 8 8 6 3 2 2 2 2 2 2 2 2 2 2 2 2 
2 2 2 2 2 2 2 2 2 5 8 7 3 2 2 6 8 8 8 8 8 6 4 2 2 2 2 2 2 2 2 2 2 2 2 2 
2 2 2 2 2 2 2 2 2 3 6 5 3 2 2 6 8 8 8 7 5 3 2 2 2 2 2 2 2 2 2 2 2 2 2 2 
2 2 2 2 2 2 2 2 2 2 3 2 2 2 2 4 5 5 4 3 2 2 2 2 2 2 2 2 2 2 2 2 2 2 2 2 
"f"
2 2 2 2 2 2 2 2 2 2 2 2 2 2 2 2 2 2 2 2 2 4 5 4 2 2 2 2 2 2 2 2 2 2 2 2 
2 2 2 2 2 2 2 2 2 2 2 2 2 2 2 2 2 2 2 2 2 6 8 6 3 2 2 2 2 2 2 2 2 2 2 2 
2 2 2 2 2 2 2 2 2 3 4 4 4 4 4 4 4 4 4 4 4 6 8 7 4 4 3 3 2 2 2 2 2 2 2 2 
2 2 2 2 2 2 2 2 3 6 7 7 7 7 7 7 7 7 7 7 7 8 8 8 7 7 7 6 5 3 2 2 2 2 2 2 
2 2 2 2 2 2 2 2 4 7 8 8 8 8 8 8 8 8 8 8 8 8 8 8 8 8 8 8 8 6 4 2 2 2 2 2 
2 2 2 2 2 2 2 2 3 5 6 6 6 6 6 6 6 6 6 6 6 7 8 8 6 6 6 7 8 8 5 2 2 2 2 2 
2 2 2 2 2 2 2 2 2 2 2 2 2 2 2 2 2 2 2 2 3 6 8 6 3 2 2 4 7 8 6 3 2 2 2 2 
2 2 2 2 2 2 2 2 2 2 2 2 2 2 2 2 2 2 2 2 2 6 8 6 3 2 2 2 6 8 6 3 2 2 2 2 
2 2 2 2 2 2 2 2 2 2 2 2 2 2 2 2 2 2 2 2 2 5 7 6 3 2 2 2 5 7 5 2 2 2 2 2 
2 2 2 2 2 2 2 2 2 2 2 2 2 2 2 2 2 2 2 2 2 3 4 3 2 2 2 2 3 4 3 2 2 2 2 2 
"g"
2 2 2 2 2 2 2 2 2 2 2 2 3 4 4 4 4 4 4 3 2 2 2 2 2 2 2 2 2 2 2 2 2 2 2 2 
2 2 2 3 5 4 2 2 2 2 3 5 6 7 8 8 8 8 7 6 5 3 2 2 2 2 2 2 2 2 2 2 2 2 2 2 
2 2 4 6 7 4 2 2 2 3 6 8 8 8 8 8 8 8 8 8 8 6 4 2 2 2 2 2 2 2 2 2 2 2 2 2 
2 3 6 8 8 4 2 2 2 6 8 8 8 6 6 6 6 6 7 7 8 8 7 4 2 2 2 2 2 2 2 2 2 2 2 2 
2 4 8 8 6 3 2 2 4 7 8 7 4 3 2 2 2 2 3 4 6 8 8 5 2 2 2 2 2 2 2 2 2 2 2 2 
2 5 8 7 4 2 2 2 4 8 8 5 2 2 2 2 2 2 2 2 4 7 8 6 3 2 2 2 2 2 2 2 2 2 2 2 
2 6 8 6 3 2 2 2 4 8 7 4 2 2 2 2 2 2 2 2 2 6 8 6 3 2 2 2 2 2 2 2 2 2 2 2 
2 5 8 7 3 2 2 2 4 7 8 4 2 2 2 2 2 2 2 2 3 6 8 6 2 2 2 2 2 2 2 2 2 2 2 2 
2 4 8 8 5 3 2 2 3 6 8 6 3 2 2 2 2 2 2 2 4 7 8 5 2 2 2 2 2 2 2 2 2 2 2 2 
2 3 7 8 8 6 5 4 5 6 8 7 5 4 4 4 4 4 4 5 6 8 8 5 2 2 2 2 2 2 2 2 2 2 2 2 
2 2 5 7 8 8 8 8 8 8 8 8 8 8 8 8 8 8 8 8 8 8 8 6 3 2 2 2 2 2 2 2 2 2 2 2 
2 2 2 4 6 7 8 8 8 8 8 8 8 8 8 8 8 8 8 8 8 8 8 6 3 2 2 2 2 2 2 2 2 2 2 2 
2 2 2 2 3 4 4 4 4 4 4 4 4 4 4 4 4 4 4 4 4 4 4 4 2 2 2 2 2 2 2 2 2 2 2 2 
"h"
2 2 2 2 2 2 2 2 2 4 4 4 4 4 4 4 4 4 4 4 4 4 4 4 4 4 4 4 4 4 4 2 2 2 2 2 
2 2 2 2 2 2 2 2 4 7 8 8 8 8 8 8 8 8 8 8 8 8 8 8 8 8 8 8 8 8 6 3 2 2 2 2 
2 2 2 2 2 2 2 2 4 7 8 8 8 8 8 8 8 8 8 8 8 8 8 8 8 8 8 8 8 8 6 3 2 2 2 2 
2 2 2 2 2 2 2 2 2 4 4 4 4 4 4 4 4 4 4 5 6 8 7 5 4 4 4 4 4 4 4 2 2 2 2 2 
2 2 2 2 2 2 2 2 2 2 2 2 2 2 2 2 2 2 2 2 4 7 7 4 2 2 2 2 2 2 2 2 2 2 2 2 
2 2 2 2 2 2 2 2 2 2 2 2 2 2 2 2 2 2 2 2 3 6 8 5 2 2 2 2 2 2 2 2 2 2 2 2 
2 2 2 2 2 2 2 2 2 2 2 2 2 2 2 2 2 2 2 2 2 6 8 6 2 2 2 2 2 2 2 2 2 2 2 2 
2 2 2 2 2 2 2 2 2 2 2 2 2 2 2 2 2 2 2 2 3 6 8 6 3 2 2 2 2 2 2 2 2 2 2 2 
2 2 2 2 2 2 2 2 2 3 4 4 4 4 4 4 4 4 4 4 5 8 8 6 3 2 2 2 2 2 2 2 2 2 2 2 
2 2 2 2 2 2 2 2 3 6 7 7 7 7 7 7 7 7 7 7 8 8 8 5 2 2 2 2 2 2 2 2 2 2 2 2 
2 2 2 2 2 2 2 2 4 7 8 8 8 8 8 8 8 8 8 8 8 8 6 3 2 2 2 2 2 2 2 2 2 2 2 2 
2 2 2 2 2 2 2 2 3 5 6 6 6 6 6 6 6 6 6 6 5 4 3 2 2 2 2 2 2 2 2 2 2 2 2 2 
"i"
2 2 2 2 2 2 2 2 2 4 4 4 4 4 4 4 4 4 4 4 4 4 4 4 2 2 2 4 4 4 4 2 2 2 2 2 
2 2 2 2 2 2 2 2 4 7 8 8 8 8 8 8 8 8 8 8 8 8 8 6 3 2 4 7 8 8 6 3 2 2 2 2 
2 2 2 2 2 2 2 2 4 7 8 8 8 8 8 8 8 8 8 8 8 8 8 6 3 2 4 7 8 8 6 3 2 2 2 2 
2 2 2 2 2 2 2 2 2 4 4 4 4 4 4 4 4 4 4 4 4 4 4 4 2 2 2 4 4 4 4 2 2 2 2 2 
"j"
2 4 4 3 2 2 2 2 2 2 2 2 2 2 2 2 2 2 2 2 2 2 2 2 2 2 2 2 2 2 2 2 2 2 2 2 
3 6 7 5 2 2 2 2 2 2 2 2 2 2 2 2 2 2 2 2 2 2 2 2 2 2 2 2 2 2 2 2 2 2 2 2 
3 7 8 5 2 2 2 2 2 2 2 2 2 2 2 2 2 2 2 2 2 2 2 2 2 2 2 2 2 2 2 2 2 2 2 2 
4 7 8 6 3 2 2 2 2 2 2 2 2 2 2 2 2 2 2 2 2 2 2 2 2 2 2 2 2 2 2 2 2 2 2 2 
3 6 8 8 6 5 4 4 4 4 4 4 4 4 4 4 4 4 4 4 4 4 4 4 2 2 2 4 4 4 4 2 2 2 2 2 
2 4 7 8 8 8 8 8 8 8 8 8 8 8 8 8 8 8 8 8 8 8 8 6 3 2 4 7 8 8 6 3 2 2 2 2 
2 2 4 6 7 8 8 8 8 8 8 8 8 8 8 8 8 8 8 8 8 8 8 6 3 2 4 7 8 8 6 3 2 2 2 2 
2 2 2 3 4 4 4 4 4 4 4 4 4 4 4 4 4 4 4 4 4 4 4 4 2 2 2 4 4 4 4 2 2 2 2 2 
"k"
2 2 2 2 2 2 2 2 2 4 4 4 4 4 4 4 4 4 4 4 4 4 4 4 4 4 4 4 4 4 4 2 2 2 2 2 
2 2 2 2 2 2 2 2 4 7 8 8 8 8 8 8 8 8 8 8 8 8 8 8 8 8 8 8 8 8 6 3 2 2 2 2 
2 2 2 2 2 2 2 2 4 7 8 8 8 8 8 8 8 8 8 8 8 8 8 8 8 8 8 8 8 8 6 3 2 2 2 2 
2 2 2 2 2 2 2 2 2 4 4 4 4 4 5 6 7 8 6 5 4 4 4 4 4 4 4 4 4 4 4 2 2 2 2 2 
2 2 2 2 2 2 2 2 2 2 2 2 2 2 4 6 8 8 7 5 3 2 2 2 2 2 2 2 2 2 2 2 2 2 2 2 
2 2 2 2 2 2 2 2 2 2 2 2 2 4 6 8 8 8 8 7 5 3 2 2 2 2 2 2 2 2 2 2 2 2 2 2 
2 2 2 2 2 2 2 2 2 2 2 3 5 7 8 8 7 6 7 8 8 6 4 2 2 2 2 2 2 2 2 2 2 2 2 2 
2 2 2 2 2 2 2 2 2 2 4 6 8 8 8 6 3 3 4 7 8 8 6 4 2 2 2 2 2 2 2 2 2 2 2 2 
2 2 2 2 2 2 2 2 2 4 7 8 8 7 5 3 2 2 2 4 6 8 8 6 3 2 2 2 2 2 2 2 2 2 2 2 
2 2 2 2 2 2 2 2 3 7 8 8 6 4 2 2 2 2 2 2 3 5 7 6 3 2 2 2 2 2 2 2 2 2 2 2 
2 2 2 2 2 2 2 2 4 7 7 5 3 2 2 2 2 2 2 2 2 3 5 5 3 2 2 2 2 2 2 2 2 2 2 2 
2 2 2 2 2 2 2 2 3 6 4 2 2 2 2 2 2 2 2 2 2 2 2 3 2 2 2 2 2 2 2 2 2 2 2 2 
2 2 2 2 2 2 2 2 2 3 2 2 2 2 2 2 2 2 2 2 2 2 2 2 2 2 2 2 2 2 2 2 2 2 2 2 
"l"
2 2 2 2 2 2 2 2 2 2 4 5 5 6 6 6 6 6 6 6 6 6 6 6 6 6 6 6 6 6 4 2 2 2 2 2 
2 2 2 2 2 2 2 2 2 5 7 8 8 8 8 8 8 8 8 8 8 8 8 8 8 8 8 8 8 8 6 3 2 2 2 2 
2 2 2 2 2 2 2 2 4 7 8 8 8 7 7 7 7 7 7 7 7 7 7 7 7 7 7 7 7 7 6 3 2 2 2 2 
2 2 2 2 2 2 2 2 4 8 8 6 4 4 4 4 4 4 4 4 4 4 4 4 4 4 4 4 4 4 3 2 2 2 2 2 
2 2 2 2 2 2 2 2 4 8 7 4 2 2 2 2 2 2 2 2 2 2 2 2 2 2 2 2 2 2 2 2 2 2 2 2 
2 2 2 2 2 2 2 2 4 7 6 3 2 2 2 2 2 2 2 2 2 2 2 2 2 2 2 2 2 2 2 2 2 2 2 2 
2 2 2 2 2 2 2 2 2 4 3 2 2 2 2 2 2 2 2 2 2 2 2 2 2 2 2 2 2 2 2 2 2 2 2 2 
"m"
2 2 2 2 2 2 2 2 2 4 4 4 4 4 4 4 4 4 4 4 4 4 4 4 2 2 2 2 2 2 2 2 2 2 2 2 
2 2 2 2 2 2 2 2 4 7 8 8 8 8 8 8 8 8 8 8 8 8 8 6 3 2 2 2 2 2 2 2 2 2 2 2 
2 2 2 2 2 2 2 2 4 7 8 8 8 8 8 8 8 8 8 8 8 8 8 6 3 2 2 2 2 2 2 2 2 2 2 2 
2 2 2 2 2 2 2 2 2 4 4 4 4 4 4 4 4 4 4 5 6 8 7 4 2 2 2 2 2 2 2 2 2 2 2 2 
2 2 2 2 2 2 2 2 2 2 2 2 2 2 2 2 2 2 2 2 4 7 7 4 2 2 2 2 2 2 2 2 2 2 2 2 
2 2 2 2 2 2 2 2 2 2 2 2 2 2 2 2 2 2 2 2 3 6 8 5 2 2 2 2 2 2 2 2 2 2 2 2 
2 2 2 2 2 2 2 2 2 2 2 2 2 2 2 2 2 2 2 2 2 6 8 6 2 2 2 2 2 2 2 2 2 2 2 2 
2 2 2 2 2 2 2 2 2 2 2 2 2 2 2 2 2 2 2 2 3 6 8 6 3 2 2 2 2 2 2 2 2 2 2 2 
2 2 2 2 2 2 2 2 2 3 4 4 4 4 4 4 4 4 4 4 5 8 8 6 3 2 2 2 2 2 2 2 2 2 2 2 
2 2 2 2 2 2 2 2 3 6 7 7 7 7 7 7 7 7 7 7 8 8 8 5 2 2 2 2 2 2 2 2 2 2 2 2 
2 2 2 2 2 2 2 2 4 7 8 8 8 8 8 8 8 8 8 8 8 8 7 4 2 2 2 2 2 2 2 2 2 2 2 2 
2 2 2 2 2 2 2 2 3 5 6 6 6 6 6 6 6 6 6 6 7 8 6 2 2 2 2 2 2 2 2 2 2 2 2 2 
2 2 2 2 2 2 2 2 2 2 2 2 2 2 2 2 2 2 2 2 5 8 7 3 2 2 2 2 2 2 2 2 2 2 2 2 
2 2 2 2 2 2 2 2 2 2 2 2 2 2 2 2 2 2 2 2 3 6 8 5 2 2 2 2 2 2 2 2 2 2 2 2 
2 2 2 2 2 2 2 2 2 2 2 2 2 2 2 2 2 2 2 2 2 6 8 6 2 2 2 2 2 2 2 2 2 2 2 2 
2 2 2 2 2 2 2 2 2 2 2 2 2 2 2 2 2 2 2 2 2 6 8 6 3 2 2 2 2 2 2 2 2 2 2 2 
2 2 2 2 2 2 2 2 2 3 3 3 3 3 3 3 3 3 3 3 4 7 8 6 3 2 2 2 2 2 2 2 2 2 2 2 
2 2 2 2 2 2 2 2 3 6 6 6 6 6 6 6 6 6 6 6 7 8 8 6 2 2 2 2 2 2 2 2 2 2 2 2 
2 2 2 2 2 2 2 2 4 7 8 8 8 8 8 8 8 8 8 8 8 8 7 4 2 2 2 2 2 2 2 2 2 2 2 2 
2 2 2 2 2 2 2 2 3 6 6 6 6 6 6 6 6 6 6 6 6 5 4 2 2 2 2 2 2 2 2 2 2 2 2 2 
2 2 2 2 2 2 2 2 2 3 3 3 3 3 3 3 3 3 3 3 3 2 2 2 2 2 2 2 2 2 2 2 2 2 2 2 
"n"
2 2 2 2 2 2 2 2 2 4 4 4 4 4 4 4 4 4 4 4 4 4 4 4 2 2 2 2 2 2 2 2 2 2 2 2 
2 2 2 2 2 2 2 2 4 7 8 8 8 8 8 8 8 8 8 8 8 8 8 6 3 2 2 2 2 2 2 2 2 2 2 2 
2 2 2 2 2 2 2 2 4 7 8 8 8 8 8 8 8 8 8 8 8 8 8 6 3 2 2 2 2 2 2 2 2 2 2 2 
2 2 2 2 2 2 2 2 2 4 4 4 4 4 4 4 4 4 4 5 6 8 7 4 2 2 2 2 2 2 2 2 2 2 2 2 
2 2 2 2 2 2 2 2 2 2 2 2 2 2 2 2 2 2 2 2 4 7 7 4 2 2 2 2 2 2 2 2 2 2 2 2 
2 2 2 2 2 2 2 2 2 2 2 2 2 2 2 2 2 2 2 2 3 6 8 5 2 2 2 2 2 2 2 2 2 2 2 2 
2 2 2 2 2 2 2 2 2 2 2 2 2 2 2 2 2 2 2 2 2 6 8 6 2 2 2 2 2 2 2 2 2 2 2 2 
2 2 2 2 2 2 2 2 2 2 2 2 2 2 2 2 2 2 2 2 3 6 8 6 3 2 2 2 2 2 2 2 2 2 2 2 
2 2 2 2 2 2 2 2 2 3 4 4 4 4 4 4 4 4 4 4 5 8 8 6 3 2 2 2 2 2 2 2 2 2 2 2 
2 2 2 2 2 2 2 2 3 6 7 7 7 7 7 7 7 7 7 7 8 8 8 5 2 2 2 2 2 2 2 2 2 2 2 2 
2 2 2 2 2 2 2 2 4 7 8 8 8 8 8 8 8 8 8 8 8 8 6 3 2 2 2 2 2 2 2 2 2 2 2 2 
2 2 2 2 2 2 2 2 3 5 6 6 6 6 6 6 6 6 6 6 5 4 3 2 2 2 2 2 2 2 2 2 2 2 2 2 
"o"
2 2 2 2 2 2 2 2 2 2 2 2 2 3 4 4 4 4 4 3 2 2 2 2 2 2 2 2 2 2 2 2 2 2 2 2 
2 2 2 2 2 2 2 2 2 2 2 4 6 7 8 8 8 8 7 6 5 3 2 2 2 2 2 2 2 2 2 2 2 2 2 2 
2 2 2 2 2 2 2 2 2 2 4 7 8 8 8 8 8 8 8 8 8 6 3 2 2 2 2 2 2 2 2 2 2 2 2 2 
2 2 2 2 2 2 2 2 2 4 7 8 8 7 6 6 6 6 6 7 8 8 6 3 2 2 2 2 2 2 2 2 2 2 2 2 
2 2 2 2 2 2 2 2 3 6 8 7 5 3 2 2 2 2 3 4 6 8 8 5 2 2 2 2 2 2 2 2 2 2 2 2 
2 2 2 2 2 2 2 2 4 8 8 5 2 2 2 2 2 2 2 2 3 6 8 6 2 2 2 2 2 2 2 2 2 2 2 2 
2 2 2 2 2 2 2 2 4 8 7 4 2 2 2 2 2 2 2 2 2 6 8 6 3 2 2 2 2 2 2 2 2 2 2 2 
2 2 2 2 2 2 2 2 4 8 8 4 2 2 2 2 2 2 2 2 3 6 8 6 3 2 2 2 2 2 2 2 2 2 2 2 
2 2 2 2 2 2 2 2 3 7 8 7 4 3 2 2 2 2 2 3 5 8 8 5 2 2 2 2 2 2 2 2 2 2 2 2 
2 2 2 2 2 2 2 2 2 5 8 8 7 6 5 4 4 5 6 7 8 8 6 3 2 2 2 2 2 2 2 2 2 2 2 2 
2 2 2 2 2 2 2 2 2 3 5 8 8 8 8 8 8 8 8 8 8 7 4 2 2 2 2 2 2 2 2 2 2 2 2 2 
2 2 2 2 2 2 2 2 2 2 3 5 6 8 8 8 8 8 8 7 6 4 2 2 2 2 2 2 2 2 2 2 2 2 2 2 
2 2 2 2 2 2 2 2 2 2 2 2 3 4 5 6 6 5 4 4 2 2 2 2 2 2 2 2 2 2 2 2 2 2 2 2 
"p"
2 2 4 4 4 4 4 4 4 4 4 4 4 4 4 4 4 4 4 4 4 4 4 4 2 2 2 2 2 2 2 2 2 2 2 2 
2 4 7 8 8 8 8 8 8 8 8 8 8 8 8 8 8 8 8 8 8 8 8 6 3 2 2 2 2 2 2 2 2 2 2 2 
2 4 7 8 8 8 8 8 8 8 8 8 8 8 8 8 8 8 8 8 8 8 8 6 3 2 2 2 2 2 2 2 2 2 2 2 
2 2 4 4 4 4 4 4 5 7 8 8 5 4 4 4 4 4 4 5 6 8 7 4 2 2 2 2 2 2 2 2 2 2 2 2 
2 2 2 2 2 2 2 2 3 6 8 6 3 2 2 2 2 2 2 2 4 7 8 4 2 2 2 2 2 2 2 2 2 2 2 2 
2 2 2 2 2 2 2 2 4 7 8 4 2 2 2 2 2 2 2 2 2 6 8 6 2 2 2 2 2 2 2 2 2 2 2 2 
2 2 2 2 2 2 2 2 4 8 7 4 2 2 2 2 2 2 2 2 2 6 8 6 3 2 2 2 2 2 2 2 2 2 2 2 
2 2 2 2 2 2 2 2 4 8 8 5 2 2 2 2 2 2 2 2 3 7 8 6 3 2 2 2 2 2 2 2 2 2 2 2 
2 2 2 2 2 2 2 2 4 7 8 7 5 3 3 2 2 2 3 4 6 8 8 6 2 2 2 2 2 2 2 2 2 2 2 2 
2 2 2 2 2 2 2 2 2 5 8 8 8 7 6 6 6 6 6 7 8 8 7 4 2 2 2 2 2 2 2 2 2 2 2 2 
2 2 2 2 2 2 2 2 2 3 6 7 8 8 8 8 8 8 8 8 8 7 4 2 2 2 2 2 2 2 2 2 2 2 2 2 
2 2 2 2 2 2 2 2 2 2 3 4 6 7 8 8 8 8 8 7 6 4 2 2 2 2 2 2 2 2 2 2 2 2 2 2 
2 2 2 2 2 2 2 2 2 2 2 2 2 3 4 4 4 4 4 3 2 2 2 2 2 2 2 2 2 2 2 2 2 2 2 2 
"q"
2 2 2 2 2 2 2 2 2 2 2 2 3 4 4 4 4 4 4 3 2 2 2 2 2 2 2 2 2 2 2 2 2 2 2 2 
2 2 2 2 2 2 2 2 2 2 3 5 6 7 8 8 8 8 7 6 5 3 2 2 2 2 2 2 2 2 2 2 2 2 2 2 
2 2 2 2 2 2 2 2 2 3 6 8 8 8 8 8 8 8 8 8 8 6 4 2 2 2 2 2 2 2 2 2 2 2 2 2 
2 2 2 2 2 2 2 2 2 6 8 8 8 6 6 6 6 6 7 7 8 8 7 4 2 2 2 2 2 2 2 2 2 2 2 2 
2 2 2 2 2 2 2 2 4 7 8 7 4 3 2 2 2 2 3 4 6 8 8 5 2 2 2 2 2 2 2 2 2 2 2 2 
2 2 2 2 2 2 2 2 4 8 8 5 2 2 2 2 2 2 2 2 4 7 8 6 3 2 2 2 2 2 2 2 2 2 2 2 
2 2 2 2 2 2 2 2 4 8 7 4 2 2 2 2 2 2 2 2 2 6 8 6 3 2 2 2 2 2 2 2 2 2 2 2 
2 2 2 2 2 2 2 2 4 7 8 4 2 2 2 2 2 2 2 2 3 6 8 6 2 2 2 2 2 2 2 2 2 2 2 2 
2 2 2 2 2 2 2 2 3 6 8 6 3 2 2 2 2 2 2 2 4 7 8 5 2 2 2 2 2 2 2 2 2 2 2 2 
2 2 4 4 4 4 4 4 4 6 8 7 5 4 4 4 4 4 4 5 6 8 8 5 2 2 2 2 2 2 2 2 2 2 2 2 
2 4 7 8 8 8 8 8 8 8 8 8 8 8 8 8 8 8 8 8 8 8 8 6 3 2 2 2 2 2 2 2 2 2 2 2 
2 4 7 8 8 8 8 8 8 8 8 8 8 8 8 8 8 8 8 8 8 8 8 6 3 2 2 2 2 2 2 2 2 2 2 2 
2 2 4 4 4 4 4 4 4 4 4 4 4 4 4 4 4 4 4 4 4 4 4 4 2 2 2 2 2 2 2 2 2 2 2 2 
"r"
2 2 2 2 2 2 2 2 2 4 4 4 4 4 4 4 4 4 4 4 4 4 4 4 2 2 2 2 2 2 2 2 2 2 2 2 
2 2 2 2 2 2 2 2 4 7 8 8 8 8 8 8 8 8 8 8 8 8 8 6 3 2 2 2 2 2 2 2 2 2 2 2 
2 2 2 2 2 2 2 2 4 7 8 8 8 8 8 8 8 8 8 8 8 8 8 6 3 2 2 2 2 2 2 2 2 2 2 2 
2 2 2 2 2 2 2 2 2 4 4 4 4 4 4 4 4 4 4 5 7 8 6 4 2 2 2 2 2 2 2 2 2 2 2 2 
2 2 2 2 2 2 2 2 2 2 2 2 2 2 2 2 2 2 2 3 6 8 7 4 2 2 2 2 2 2 2 2 2 2 2 2 
2 2 2 2 2 2 2 2 2 2 2 2 2 2 2 2 2 2 2 2 4 8 8 5 2 2 2 2 2 2 2 2 2 2 2 2 
2 2 2 2 2 2 2 2 2 2 2 2 2 2 2 2 2 2 2 2 4 7 8 6 3 2 2 2 2 2 2 2 2 2 2 2 
2 2 2 2 2 2 2 2 2 2 2 2 2 2 2 2 2 2 2 2 3 6 7 6 2 2 2 2 2 2 2 2 2 2 2 2 
2 2 2 2 2 2 2 2 2 2 2 2 2 2 2 2 2 2 2 2 2 3 4 3 2 2 2 2 2 2 2 2 2 2 2 2 
"s"
2 2 2 2 2 2 2 2 2 3 5 4 2 2 2 2 2 3 4 4 4 3 2 2 2 2 2 2 2 2 2 2 2 2 2 2 
2 2 2 2 2 2 2 2 2 4 7 7 4 2 2 2 3 6 7 8 8 7 4 2 2 2 2 2 2 2 2 2 2 2 2 2 
2 2 2 2 2 2 2 2 2 6 8 6 3 2 2 2 5 8 8 8 8 8 7 4 2 2 2 2 2 2 2 2 2 2 2 2 
2 2 2 2 2 2 2 2 3 6 8 6 2 2 2 3 7 8 7 5 6 8 8 6 2 2 2 2 2 2 2 2 2 2 2 2 
2 2 2 2 2 2 2 2 4 7 8 5 2 2 2 5 8 8 4 2 3 6 8 7 3 2 2 2 2 2 2 2 2 2 2 2 
2 2 2 2 2 2 2 2 4 7 8 4 2 2 2 6 8 6 3 2 2 5 8 7 4 2 2 2 2 2 2 2 2 2 2 2 
2 2 2 2 2 2 2 2 3 7 8 5 2 2 4 7 8 6 2 2 2 5 8 7 4 2 2 2 2 2 2 2 2 2 2 2 
2 2 2 2 2 2 2 2 3 6 8 7 5 4 6 8 8 4 2 2 2 6 8 7 3 2 2 2 2 2 2 2 2 2 2 2 
2 2 2 2 2 2 2 2 2 5 8 8 8 8 8 8 6 3 2 2 3 6 8 6 2 2 2 2 2 2 2 2 2 2 2 2 
2 2 2 2 2 2 2 2 2 3 6 8 8 8 8 7 4 2 2 2 3 6 6 4 2 2 2 2 2 2 2 2 2 2 2 2 
2 2 2 2 2 2 2 2 2 2 3 5 6 6 6 4 2 2 2 2 2 3 3 2 2 2 2 2 2 2 2 2 2 2 2 2 
2 2 2 2 2 2 2 2 2 2 2 2 3 3 2 2 2 2 2 2 2 2 2 2 2 2 2 2 2 2 2 2 2 2 2 2 
"t"
2 2 2 2 2 2 2 2 2 2 2 2 2 2 2 2 2 2 2 2 2 3 4 4 2 2 2 2 2 2 2 2 2 2 2 2 
2 2 2 2 2 2 2 2 2 2 2 2 2 2 2 2 2 2 2 2 2 5 8 6 3 2 2 2 2 2 2 2 2 2 2 2 
2 2 2 2 2 2 2 2 2 2 2 2 3 3 3 3 3 3 3 3 3 6 8 7 4 3 3 3 3 2 2 2 2 2 2 2 
2 2 2 2 2 2 2 2 2 3 4 6 6 6 6 6 6 6 6 6 6 8 8 8 7 6 6 6 6 4 2 2 2 2 2 2 
2 2 2 2 2 2 2 2 3 6 8 8 8 8 8 8 8 8 8 8 8 8 8 8 8 8 8 8 8 4 2 2 2 2 2 2 
2 2 2 2 2 2 2 2 4 7 8 8 7 6 6 6 6 6 6 6 6 8 8 8 7 6 6 6 6 4 2 2 2 2 2 2 
2 2 2 2 2 2 2 2 4 8 8 6 4 3 3 3 3 3 3 3 3 6 8 7 4 3 3 3 3 2 2 2 2 2 2 2 
2 2 2 2 2 2 2 2 4 8 7 4 2 2 2 2 2 2 2 2 2 6 8 6 3 2 2 2 2 2 2 2 2 2 2 2 
2 2 2 2 2 2 2 2 4 7 7 4 2 2 2 2 2 2 2 2 2 6 8 6 3 2 2 2 2 2 2 2 2 2 2 2 
2 2 2 2 2 2 2 2 2 5 5 3 2 2 2 2 2 2 2 2 2 4 5 4 2 2 2 2 2 2 2 2 2 2 2 2 
"u"
2 2 2 2 2 2 2 2 2 2 4 5 6 6 6 6 6 6 6 6 6 6 6 4 2 2 2 2 2 2 2 2 2 2 2 2 
2 2 2 2 2 2 2 2 2 5 7 8 8 8 8 8 8 8 8 8 8 8 8 6 3 2 2 2 2 2 2 2 2 2 2 2 
2 2 2 2 2 2 2 2 3 7 8 8 8 7 7 7 7 7 7 7 7 7 7 6 3 2 2 2 2 2 2 2 2 2 2 2 
2 2 2 2 2 2 2 2 4 8 8 6 4 4 4 4 4 4 4 4 4 4 4 3 2 2 2 2 2 2 2 2 2 2 2 2 
2 2 2 2 2 2 2 2 4 8 8 4 2 2 2 2 2 2 2 2 2 2 2 2 2 2 2 2 2 2 2 2 2 2 2 2 
2 2 2 2 2 2 2 2 4 7 7 4 2 2 2 2 2 2 2 2 2 2 2 2 2 2 2 2 2 2 2 2 2 2 2 2 
2 2 2 2 2 2 2 2 3 7 8 4 2 2 2 2 2 2 2 2 2 2 2 2 2 2 2 2 2 2 2 2 2 2 2 2 
2 2 2 2 2 2 2 2 2 5 8 6 3 2 2 2 2 2 2 2 2 2 2 2 2 2 2 2 2 2 2 2 2 2 2 2 
2 2 2 2 2 2 2 2 3 5 8 8 6 4 4 4 4 4 4 4 4 4 4 4 2 2 2 2 2 2 2 2 2 2 2 2 
2 2 2 2 2 2 2 2 4 7 8 8 8 8 8 8 8 8 8 8 8 8 8 6 3 2 2 2 2 2 2 2 2 2 2 2 
2 2 2 2 2 2 2 2 4 7 8 8 8 8 8 8 8 8 8 8 8 8 8 6 3 2 2 2 2 2 2 2 2 2 2 2 
2 2 2 2 2 2 2 2 2 4 4 4 4 4 4 4 4 4 4 4 4 4 4 4 2 2 2 2 2 2 2 2 2 2 2 2 
"v"
2 2 2 2 2 2 2 2 2 2 2 2 2 2 2 2 2 2 2 2 2 2 3 3 2 2 2 2 2 2 2 2 2 2 2 2 
2 2 2 2 2 2 2 2 2 2 2 2 2 2 2 2 2 2 2 2 4 5 6 6 3 2 2 2 2 2 2 2 2 2 2 2 
2 2 2 2 2 2 2 2 2 2 2 2 2 2 2 2 2 3 4 6 7 8 8 6 3 2 2 2 2 2 2 2 2 2 2 2 
2 2 2 2 2 2 2 2 2 2 2 2 2 2 3 4 6 7 8 8 8 8 7 5 2 2 2 2 2 2 2 2 2 2 2 2 
2 2 2 2 2 2 2 2 2 2 2 3 4 6 7 8 8 8 8 7 6 4 3 2 2 2 2 2 2 2 2 2 2 2 2 2 
2 2 2 2 2 2 2 2 2 4 5 6 8 8 8 8 7 6 4 3 2 2 2 2 2 2 2 2 2 2 2 2 2 2 2 2 
2 2 2 2 2 2 2 2 3 7 8 8 8 8 7 5 4 2 2 2 2 2 2 2 2 2 2 2 2 2 2 2 2 2 2 2 
2 2 2 2 2 2 2 2 3 7 8 8 8 8 7 6 4 3 2 2 2 2 2 2 2 2 2 2 2 2 2 2 2 2 2 2 
2 2 2 2 2 2 2 2 2 4 5 6 7 8 8 8 7 6 5 4 3 2 2 2 2 2 2 2 2 2 2 2 2 2 2 2 
2 2 2 2 2 2 2 2 2 2 2 3 4 5 6 7 8 8 8 7 6 5 4 2 2 2 2 2 2 2 2 2 2 2 2 2 
2 2 2 2 2 2 2 2 2 2 2 2 2 2 3 4 5 7 8 8 8 8 7 5 2 2 2 2 2 2 2 2 2 2 2 2 
2 2 2 2 2 2 2 2 2 2 2 2 2 2 2 2 2 3 4 6 7 8 8 6 3 2 2 2 2 2 2 2 2 2 2 2 
2 2 2 2 2 2 2 2 2 2 2 2 2 2 2 2 2 2 2 2 3 4 6 5 2 2 2 2 2 2 2 2 2 2 2 2 
"w"
2 2 2 2 2 2 2 2 2 2 2 2 2 2 2 2 2 2 2 2 2 2 3 3 2 2 2 2 2 2 2 2 2 2 2 2 
2 2 2 2 2 2 2 2 2 2 2 2 2 2 2 2 2 2 3 4 4 6 6 6 3 2 2 2 2 2 2 2 2 2 2 2 
2 2 2 2 2 2 2 2 2 2 2 2 2 2 3 3 4 5 6 7 8 8 8 6 3 2 2 2 2 2 2 2 2 2 2 2 
2 2 2 2 2 2 2 2 2 2 2 3 4 5 6 7 8 8 8 8 8 7 6 5 2 2 2 2 2 2 2 2 2 2 2 2 
2 2 2 2 2 2 2 2 2 4 6 7 7 8 8 8 8 7 6 6 5 4 3 2 2 2 2 2 2 2 2 2 2 2 2 2 
2 2 2 2 2 2 2 2 4 7 8 8 8 8 7 6 4 4 3 2 2 2 2 2 2 2 2 2 2 2 2 2 2 2 2 2 
2 2 2 2 2 2 2 2 3 7 8 8 8 8 7 6 4 3 2 2 2 2 2 2 2 2 2 2 2 2 2 2 2 2 2 2 
2 2 2 2 2 2 2 2 2 4 5 6 7 8 8 8 8 7 6 5 4 3 2 2 2 2 2 2 2 2 2 2 2 2 2 2 
2 2 2 2 2 2 2 2 2 2 2 2 3 4 5 6 7 8 8 8 7 6 6 4 2 2 2 2 2 2 2 2 2 2 2 2 
2 2 2 2 2 2 2 2 2 2 2 2 2 2 2 3 4 5 6 8 8 8 8 6 3 2 2 2 2 2 2 2 2 2 2 2 
2 2 2 2 2 2 2 2 2 2 2 2 2 2 2 3 4 5 6 8 8 8 8 6 3 2 2 2 2 2 2 2 2 2 2 2 
2 2 2 2 2 2 2 2 2 2 2 3 4 5 6 7 7 8 8 8 8 7 6 4 2 2 2 2 2 2 2 2 2 2 2 2 
2 2 2 2 2 2 2 2 2 4 5 6 7 8 8 8 8 7 6 5 4 3 2 2 2 2 2 2 2 2 2 2 2 2 2 2 
2 2 2 2 2 2 2 2 3 7 8 8 8 8 8 6 5 4 3 2 2 2 2 2 2 2 2 2 2 2 2 2 2 2 2 2 
2 2 2 2 2 2 2 2 3 7 8 8 8 8 8 6 5 4 3 3 2 2 2 2 2 2 2 2 2 2 2 2 2 2 2 2 
2 2 2 2 2 2 2 2 2 4 5 6 7 8 8 8 8 8 7 6 5 4 3 2 2 2 2 2 2 2 2 2 2 2 2 2 
2 2 2 2 2 2 2 2 2 2 2 3 4 4 5 6 7 8 8 8 8 8 7 5 2 2 2 2 2 2 2 2 2 2 2 2 
2 2 2 2 2 2 2 2 2 2 2 2 2 2 2 3 4 5 6 7 7 8 8 6 3 2 2 2 2 2 2 2 2 2 2 2 
2 2 2 2 2 2 2 2 2 2 2 2 2 2 2 2 2 2 2 3 4 5 6 6 3 2 2 2 2 2 2 2 2 2 2 2 
2 2 2 2 2 2 2 2 2 2 2 2 2 2 2 2 2 2 2 2 2 2 2 3 2 2 2 2 2 2 2 2 2 2 2 2 
"x"
2 2 2 2 2 2 2 2 2 3 2 2 2 2 2 2 2 2 2 2 2 2 2 2 2 2 2 2 2 2 2 2 2 2 2 2 
2 2 2 2 2 2 2 2 3 6 4 3 2 2 2 2 2 2 2 2 2 2 3 3 2 2 2 2 2 2 2 2 2 2 2 2 
2 2 2 2 2 2 2 2 4 7 8 6 4 2 2 2 2 2 2 2 2 4 6 6 3 2 2 2 2 2 2 2 2 2 2 2 
2 2 2 2 2 2 2 2 3 6 8 8 7 5 3 2 2 2 2 3 5 7 8 6 3 2 2 2 2 2 2 2 2 2 2 2 
2 2 2 2 2 2 2 2 2 3 5 7 8 8 6 4 3 3 4 6 8 8 8 5 2 2 2 2 2 2 2 2 2 2 2 2 
2 2 2 2 2 2 2 2 2 2 2 4 6 8 8 8 6 6 7 8 8 6 4 3 2 2 2 2 2 2 2 2 2 2 2 2 
2 2 2 2 2 2 2 2 2 2 2 2 3 5 7 8 8 8 8 7 5 3 2 2 2 2 2 2 2 2 2 2 2 2 2 2 
2 2 2 2 2 2 2 2 2 2 2 2 2 4 7 8 8 8 8 7 4 2 2 2 2 2 2 2 2 2 2 2 2 2 2 2 
2 2 2 2 2 2 2 2 2 2 2 4 6 7 8 8 7 7 8 8 7 5 4 2 2 2 2 2 2 2 2 2 2 2 2 2 
2 2 2 2 2 2 2 2 2 3 5 7 8 8 8 6 4 4 6 8 8 8 7 4 2 2 2 2 2 2 2 2 2 2 2 2 
2 2 2 2 2 2 2 2 3 6 8 8 8 7 5 3 2 2 3 4 6 8 8 6 3 2 2 2 2 2 2 2 2 2 2 2 
2 2 2 2 2 2 2 2 4 7 8 7 6 4 2 2 2 2 2 2 3 5 7 6 3 2 2 2 2 2 2 2 2 2 2 2 
2 2 2 2 2 2 2 2 4 7 6 4 2 2 2 2 2 2 2 2 2 2 4 4 2 2 2 2 2 2 2 2 2 2 2 2 
2 2 2 2 2 2 2 2 3 4 3 2 2 2 2 2 2 2 2 2 2 2 2 2 2 2 2 2 2 2 2 2 2 2 2 2 
"y"
2 2 2 2 2 2 2 2 2 2 2 2 2 2 2 2 2 2 2 2 2 2 3 3 2 2 2 2 2 2 2 2 2 2 2 2 
2 2 2 3 2 2 2 2 2 2 2 2 2 2 2 2 2 2 2 3 4 5 6 6 3 2 2 2 2 2 2 2 2 2 2 2 
2 2 5 6 4 2 2 2 2 2 2 2 2 2 2 2 3 4 5 6 7 8 8 6 3 2 2 2 2 2 2 2 2 2 2 2 
2 3 6 8 6 3 2 2 2 2 2 2 2 3 4 5 6 7 8 8 8 8 7 5 2 2 2 2 2 2 2 2 2 2 2 2 
2 2 4 8 8 6 4 2 2 2 3 4 6 7 8 8 8 8 7 6 6 4 3 2 2 2 2 2 2 2 2 2 2 2 2 2 
2 2 3 5 8 8 7 6 5 6 7 8 8 8 8 7 6 5 4 3 2 2 2 2 2 2 2 2 2 2 2 2 2 2 2 2 
2 2 2 3 5 7 8 8 8 8 8 8 8 7 5 4 3 2 2 2 2 2 2 2 2 2 2 2 2 2 2 2 2 2 2 2 
2 2 2 2 2 4 6 7 8 8 8 8 8 7 6 4 3 2 2 2 2 2 2 2 2 2 2 2 2 2 2 2 2 2 2 2 
2 2 2 2 2 2 2 3 4 6 7 8 8 8 8 8 7 6 4 3 2 2 2 2 2 2 2 2 2 2 2 2 2 2 2 2 
2 2 2 2 2 2 2 2 2 2 3 4 5 6 7 8 8 8 8 7 6 4 3 2 2 2 2 2 2 2 2 2 2 2 2 2 
2 2 2 2 2 2 2 2 2 2 2 2 2 3 4 5 6 7 8 8 8 8 7 5 2 2 2 2 2 2 2 2 2 2 2 2 
2 2 2 2 2 2 2 2 2 2 2 2 2 2 2 2 3 4 5 6 7 8 8 6 3 2 2 2 2 2 2 2 2 2 2 2 
2 2 2 2 2 2 2 2 2 2 2 2 2 2 2 2 2 2 2 2 3 4 6 5 2 2 2 2 2 2 2 2 2 2 2 2 
"z" 122
2 2 2 2 2 2 2 2 2 3 2 2 2 2 2 2 2 2 2 2 2 2 2 2 2 2 2 2 2 2 2 2 2 2 2 2 
2 2 2 2 2 2 2 2 3 6 6 4 2 2 2 2 2 2 2 2 2 3 4 3 2 2 2 2 2 2 2 2 2 2 2 2 
2 2 2 2 2 2 2 2 4 7 8 7 6 3 2 2 2 2 2 2 2 5 7 6 3 2 2 2 2 2 2 2 2 2 2 2 
2 2 2 2 2 2 2 2 4 7 8 8 8 6 4 2 2 2 2 2 2 6 8 6 3 2 2 2 2 2 2 2 2 2 2 2 
2 2 2 2 2 2 2 2 4 7 8 8 8 8 7 6 3 2 2 2 2 6 8 6 3 2 2 2 2 2 2 2 2 2 2 2 
2 2 2 2 2 2 2 2 4 7 8 6 6 8 8 8 6 4 2 2 2 6 8 6 3 2 2 2 2 2 2 2 2 2 2 2 
2 2 2 2 2 2 2 2 4 7 8 5 3 4 7 8 8 7 6 3 2 6 8 6 3 2 2 2 2 2 2 2 2 2 2 2 
2 2 2 2 2 2 2 2 4 7 8 4 2 2 4 6 8 8 8 6 5 6 8 6 3 2 2 2 2 2 2 2 2 2 2 2 
2 2 2 2 2 2 2 2 4 7 8 4 2 2 2 3 4 7 8 8 8 8 8 6 3 2 2 2 2 2 2 2 2 2 2 2 
2 2 2 2 2 2 2 2 4 7 8 4 2 2 2 2 2 4 6 8 8 8 8 6 3 2 2 2 2 2 2 2 2 2 2 2 
2 2 2 2 2 2 2 2 4 7 8 4 2 2 2 2 2 2 3 4 7 8 8 6 3 2 2 2 2 2 2 2 2 2 2 2 
2 2 2 2 2 2 2 2 3 5 5 3 2 2 2 2 2 2 2 2 4 5 6 4 2 2 2 2 2 2 2 2 2 2 2 2 
"{" 123
"|" 124
"}" 125
"~" 126
<!ENTITY pound  CDATA "&#163;" -- pound sign, U+00A3 ISOnum -->
"" 163
2 2 2 2 2 2 2 2 2 2 2 2 2 2 2 2 2 2 2 3 2 2 2 2 2 2 2 2 2 2 2 2 2 2 2 2 
2 2 2 2 2 2 2 2 2 4 4 3 2 2 2 2 2 2 5 6 4 2 2 2 2 2 2 2 2 2 2 2 2 2 2 2 
2 2 2 2 2 2 2 2 4 7 8 5 2 2 2 2 2 3 6 8 6 2 2 2 2 2 2 2 2 2 2 2 2 2 2 2 
2 2 2 2 2 2 2 2 4 7 8 7 4 2 2 2 2 3 6 8 6 5 5 6 5 4 3 2 2 2 2 2 2 2 2 2 
2 2 2 2 2 2 2 2 4 7 8 8 6 5 4 4 4 5 7 8 8 8 8 8 8 8 6 4 2 2 2 2 2 2 2 2 
2 2 2 2 2 2 2 2 4 7 8 8 8 8 7 7 8 8 8 8 8 8 8 8 8 8 8 7 4 2 2 2 2 2 2 2 
2 2 2 2 2 2 2 2 4 7 8 7 7 8 8 8 8 8 8 8 8 6 6 6 6 7 8 8 6 3 2 2 2 2 2 2 
2 2 2 2 2 2 2 2 4 7 8 5 4 5 6 6 5 5 7 8 6 3 2 2 3 4 7 8 7 4 2 2 2 2 2 2 
2 2 2 2 2 2 2 2 4 7 8 4 2 2 2 2 2 3 6 8 6 2 2 2 2 2 6 8 8 4 2 2 2 2 2 2 
2 2 2 2 2 2 2 2 4 7 8 4 2 2 2 2 2 3 6 8 6 2 2 2 2 2 5 8 8 4 2 2 2 2 2 2 
2 2 2 2 2 2 2 2 4 7 8 4 2 2 2 2 2 3 6 8 6 2 2 2 2 2 5 8 8 4 2 2 2 2 2 2 
2 2 2 2 2 2 2 2 4 7 8 4 2 2 2 2 2 3 6 8 5 2 2 2 2 3 6 8 7 3 2 2 2 2 2 2 
2 2 2 2 2 2 2 2 4 7 8 4 2 2 2 2 2 2 4 4 3 2 2 2 2 3 6 7 5 2 2 2 2 2 2 2 
2 2 2 2 2 2 2 2 3 6 6 4 2 2 2 2 2 2 2 2 2 2 2 2 2 2 3 4 3 2 2 2 2 2 2 2 
2 2 2 2 2 2 2 2 2 3 3 2 2 2 2 2 2 2 2 2 2 2 2 2 2 2 2 2 2 2 2 2 2 2 2 2 
<!ENTITY divide CDATA "&#247;" -- division sign, U+00F7 ISOnum -->
"" 247
2 2 2 2 2 2 2 2 2 2 2 2 2 2 2 2 2 2 4 4 3 2 2 2 2 2 2 2 2 2 2 2 2 2 2 2 
2 2 2 2 2 2 2 2 2 2 2 2 2 2 2 2 2 3 6 8 5 2 2 2 2 2 2 2 2 2 2 2 2 2 2 2 
2 2 2 2 2 2 2 2 2 2 2 2 2 2 2 2 2 3 6 8 6 2 2 2 2 2 2 2 2 2 2 2 2 2 2 2 
2 2 2 2 2 2 2 2 2 2 2 2 2 2 2 2 2 3 6 8 6 2 2 2 2 2 2 2 2 2 2 2 2 2 2 2 
2 2 2 2 2 2 2 2 2 2 2 2 2 2 2 2 2 3 6 8 6 2 2 2 2 2 2 2 2 2 2 2 2 2 2 2 
2 2 2 2 2 2 2 2 2 2 2 2 2 2 3 2 2 3 6 8 6 2 2 2 3 2 2 2 2 2 2 2 2 2 2 2 
2 2 2 2 2 2 2 2 2 2 2 2 4 6 6 4 2 3 6 8 6 2 4 6 6 4 2 2 2 2 2 2 2 2 2 2 
2 2 2 2 2 2 2 2 2 2 2 2 5 8 8 6 2 3 6 8 6 3 5 8 8 6 2 2 2 2 2 2 2 2 2 2 
2 2 2 2 2 2 2 2 2 2 2 2 4 7 7 5 2 3 6 8 6 2 4 7 7 5 2 2 2 2 2 2 2 2 2 2 
2 2 2 2 2 2 2 2 2 2 2 2 2 4 4 3 2 3 6 8 6 2 2 4 4 3 2 2 2 2 2 2 2 2 2 2 
2 2 2 2 2 2 2 2 2 2 2 2 2 2 2 2 2 3 6 8 6 2 2 2 2 2 2 2 2 2 2 2 2 2 2 2 
2 2 2 2 2 2 2 2 2 2 2 2 2 2 2 2 2 3 6 8 6 2 2 2 2 2 2 2 2 2 2 2 2 2 2 2 
2 2 2 2 2 2 2 2 2 2 2 2 2 2 2 2 2 3 6 8 6 2 2 2 2 2 2 2 2 2 2 2 2 2 2 2 
2 2 2 2 2 2 2 2 2 2 2 2 2 2 2 2 2 3 6 8 6 2 2 2 2 2 2 2 2 2 2 2 2 2 2 2 
2 2 2 2 2 2 2 2 2 2 2 2 2 2 2 2 2 2 5 6 4 2 2 2 2 2 2 2 2 2 2 2 2 2 2 2 
2 2 2 2 2 2 2 2 2 2 2 2 2 2 2 2 2 2 2 3 2 2 2 2 2 2 2 2 2 2 2 2 2 2 2 2 

